_viz_net_graph = nengo_gui.components.NetGraph()
_viz_progress = nengo_gui.components.Progress()
_viz_config[_viz_progress].x = 0
_viz_config[_viz_progress].y = 0
_viz_config[_viz_progress].width = 100
_viz_config[_viz_progress].height = 100
_viz_config[_viz_progress].label_visible = True
_viz_sim_control = nengo_gui.components.SimControl()
_viz_config[_viz_sim_control].shown_time = 0.5
_viz_config[_viz_sim_control].kept_time = 4.0
_viz_config[decimal].pos=(0.12389813907933384, 0.2325684221628179)
_viz_config[decimal].size=(0.08340239584118138, 0.1212121212121212)
_viz_config[ens].pos=(0.48113207547169806, 0.6969696969696969)
_viz_config[ens].size=(0.09433962264150943, 0.1515151515151515)
_viz_config[inp].pos=(0.12264150943396226, 0.6969696969696969)
_viz_config[inp].size=(0.07547169811320754, 0.12121212121212119)
_viz_config[model].pos=(0.33407772992898394, 0.3753686070429828)
_viz_config[model].size=(0.5866002832403768, 0.5866002832403768)
_viz_config[model].expanded=True
_viz_config[model].has_layout=True
_viz_config[out].pos=(0.8424047844675682, 0.6872229010448317)
_viz_config[out].size=(0.1, 0.09955379054928384)
_viz_config[out].expanded=True
_viz_config[out].has_layout=True
_viz_config[out.ea_ensembles[0]].pos=(0.49999999999999994, 0.034482758620689655)
_viz_config[out.ea_ensembles[0]].size=(0.09803921568627451, 0.017241379310344827)
_viz_config[out.ea_ensembles[1]].pos=(0.49999999999999994, 0.1379310344827586)
_viz_config[out.ea_ensembles[1]].size=(0.09803921568627451, 0.017241379310344827)
_viz_config[out.ea_ensembles[2]].pos=(0.49999999999999994, 0.24137931034482757)
_viz_config[out.ea_ensembles[2]].size=(0.09803921568627451, 0.017241379310344827)
_viz_config[out.ea_ensembles[3]].pos=(0.49999999999999994, 0.3448275862068965)
_viz_config[out.ea_ensembles[3]].size=(0.09803921568627451, 0.017241379310344827)
_viz_config[out.ea_ensembles[4]].pos=(0.49999999999999994, 0.44827586206896547)
_viz_config[out.ea_ensembles[4]].size=(0.09803921568627451, 0.017241379310344827)
_viz_config[out.ea_ensembles[5]].pos=(0.49999999999999994, 0.5517241379310345)
_viz_config[out.ea_ensembles[5]].size=(0.09803921568627451, 0.017241379310344827)
_viz_config[out.ea_ensembles[6]].pos=(0.49999999999999994, 0.6551724137931034)
_viz_config[out.ea_ensembles[6]].size=(0.09803921568627451, 0.017241379310344827)
_viz_config[out.ea_ensembles[7]].pos=(0.49999999999999994, 0.7586206896551724)
_viz_config[out.ea_ensembles[7]].size=(0.09803921568627451, 0.017241379310344827)
_viz_config[out.ea_ensembles[8]].pos=(0.49999999999999994, 0.8620689655172413)
_viz_config[out.ea_ensembles[8]].size=(0.09803921568627451, 0.017241379310344827)
_viz_config[out.ea_ensembles[9]].pos=(0.49999999999999994, 0.9655172413793104)
_viz_config[out.ea_ensembles[9]].size=(0.09803921568627451, 0.017241379310344827)
_viz_config[out.input].pos=(0.12745098039215685, 0.4999999999999999)
_viz_config[out.input].size=(0.07843137254901959, 0.013793103448275862)
_viz_config[out.output].pos=(0.872549019607843, 0.4999999999999999)
_viz_config[out.output].size=(0.07843137254901959, 0.013793103448275862)