_viz_0 = nengo_gui.components.SpikeGrid(hidden)
_viz_config[_viz_0].x = 0.784801059782741
_viz_config[_viz_0].y = 0.8665797061474475
_viz_config[_viz_0].width = 0.1256281407035176
_viz_config[_viz_0].height = 0.09157509157509158
_viz_config[_viz_0].label_visible = True
_viz_1 = nengo_gui.components.Value(truth)
_viz_config[_viz_1].max_value = 180
_viz_config[_viz_1].min_value = 0
_viz_config[_viz_1].show_legend = False
_viz_config[_viz_1].legend_labels = ['label_0']
_viz_config[_viz_1].synapse = 0.01
_viz_config[_viz_1].x = 0.13391022637010375
_viz_config[_viz_1].y = 0.16896101411714645
_viz_config[_viz_1].width = 0.09259551321592879
_viz_config[_viz_1].height = 0.06749636311344262
_viz_config[_viz_1].label_visible = True
_viz_2 = nengo_gui.components.SpikeGrid(wta)
_viz_config[_viz_2].x = 0.5175418823725573
_viz_config[_viz_2].y = 0.8711584607262021
_viz_config[_viz_2].width = 0.1256281407035176
_viz_config[_viz_2].height = 0.09157509157509158
_viz_config[_viz_2].label_visible = True
_viz_3 = nengo_gui.components.Raster(inp)
_viz_config[_viz_3].n_neurons = 225
_viz_config[_viz_3].x = 0.2083232034001073
_viz_config[_viz_3].y = 0.44287192400967335
_viz_config[_viz_3].width = 0.178391959798995
_viz_config[_viz_3].height = 0.11126373626373628
_viz_config[_viz_3].label_visible = True
_viz_4 = nengo_gui.components.SpikeGrid(inp)
_viz_config[_viz_4].x = 0.27478625259101686
_viz_config[_viz_4].y = 0.8703732062126956
_viz_config[_viz_4].width = 0.1256281407035176
_viz_config[_viz_4].height = 0.09157509157509158
_viz_config[_viz_4].label_visible = True
_viz_5 = nengo_gui.components.Raster(hidden)
_viz_config[_viz_5].n_neurons = 16
_viz_config[_viz_5].x = 0.4288100957884575
_viz_config[_viz_5].y = 0.1559592716247767
_viz_config[_viz_5].width = 0.1256281407035176
_viz_config[_viz_5].height = 0.09157509157509158
_viz_config[_viz_5].label_visible = True
_viz_8 = nengo_gui.components.Raster(wta)
_viz_config[_viz_8].n_neurons = 36
_viz_config[_viz_8].x = 0.782997601334338
_viz_config[_viz_8].y = 0.16420102986653454
_viz_config[_viz_8].width = 0.1256281407035176
_viz_config[_viz_8].height = 0.09157509157509158
_viz_config[_viz_8].label_visible = True
_viz_9 = nengo_gui.components.Raster(out)
_viz_config[_viz_9].n_neurons = 36
_viz_config[_viz_9].x = 0.7816321125507746
_viz_config[_viz_9].y = 0.43395378470628204
_viz_config[_viz_9].width = 0.1256281407035176
_viz_config[_viz_9].height = 0.09157509157509158
_viz_config[_viz_9].label_visible = True
_viz_net_graph = nengo_gui.components.NetGraph()
_viz_progress = nengo_gui.components.Progress()
_viz_config[_viz_progress].x = 0
_viz_config[_viz_progress].y = 0
_viz_config[_viz_progress].width = 100
_viz_config[_viz_progress].height = 100
_viz_config[_viz_progress].label_visible = True
_viz_sim_control = nengo_gui.components.SimControl()
_viz_config[_viz_sim_control].shown_time = 0.5
_viz_config[_viz_sim_control].kept_time = 4.0
_viz_config[hidden].pos=(0.489247311827957, 0.6969696969696969)
_viz_config[hidden].size=(0.053763440860215055, 0.1515151515151515)
_viz_config[inp].pos=(0.2741935483870968, 0.6969696969696969)
_viz_config[inp].size=(0.053763440860215055, 0.1515151515151515)
_viz_config[model].pos=(0.024724066896378575, 0.08070567264732098)
_viz_config[model].size=(0.8883017307242889, 0.8883017307242889)
_viz_config[model].expanded=True
_viz_config[model].has_layout=True
_viz_config[out].pos=(0.9193548387096775, 0.6969696969696969)
_viz_config[out].size=(0.053763440860215055, 0.1515151515151515)
_viz_config[stim].pos=(0.06989247311827958, 0.6969696969696969)
_viz_config[stim].size=(0.043010752688172046, 0.12121212121212119)
_viz_config[truth].pos=(0.1316513761467893, 0.16084449273025636)
_viz_config[truth].size=(0.09530698659139028, 0.1212121212121212)
_viz_config[wta].pos=(0.7043010752688172, 0.6969696969696969)
_viz_config[wta].size=(0.053763440860215055, 0.1515151515151515)