_viz_0 = nengo_gui.components.SpikeGrid(hidden)
_viz_config[_viz_0].x = 0.8319554763062625
_viz_config[_viz_0].y = 0.8765859140859138
_viz_config[_viz_0].width = 0.12562814070351758
_viz_config[_viz_0].height = 0.09157509157509157
_viz_config[_viz_0].label_visible = True
_viz_1 = nengo_gui.components.Value(truth)
_viz_config[_viz_1].max_value = 180
_viz_config[_viz_1].min_value = 0
_viz_config[_viz_1].show_legend = False
_viz_config[_viz_1].legend_labels = ['label_0']
_viz_config[_viz_1].synapse = 0.01
_viz_config[_viz_1].x = 0.2131747346367447
_viz_config[_viz_1].y = 0.2063077357258696
_viz_config[_viz_1].width = 0.09259551321592878
_viz_config[_viz_1].height = 0.0674963631134426
_viz_config[_viz_1].label_visible = True
_viz_2 = nengo_gui.components.SpikeGrid(wta)
_viz_config[_viz_2].x = 0.5683660236667207
_viz_config[_viz_2].y = 0.8811646686646684
_viz_config[_viz_2].width = 0.12562814070351758
_viz_config[_viz_2].height = 0.09157509157509157
_viz_config[_viz_2].label_visible = True
_viz_3 = nengo_gui.components.Raster(inp)
_viz_config[_viz_3].n_neurons = 225
_viz_config[_viz_3].x = 0.4674042254282163
_viz_config[_viz_3].y = 0.48601814851814795
_viz_config[_viz_3].width = 0.17839195979899497
_viz_config[_viz_3].height = 0.11126373626373626
_viz_config[_viz_3].label_visible = True
_viz_4 = nengo_gui.components.SpikeGrid(inp)
_viz_config[_viz_4].x = 0.28524342140811626
_viz_config[_viz_4].y = 0.8729229104229101
_viz_config[_viz_4].width = 0.12562814070351758
_viz_config[_viz_4].height = 0.09157509157509157
_viz_config[_viz_4].label_visible = True
_viz_5 = nengo_gui.components.Raster(hidden)
_viz_config[_viz_5].n_neurons = 16
_viz_config[_viz_5].x = 0.5053223104771166
_viz_config[_viz_5].y = 0.21816100566100605
_viz_config[_viz_5].width = 0.12562814070351758
_viz_config[_viz_5].height = 0.09157509157509157
_viz_config[_viz_5].label_visible = True
_viz_8 = nengo_gui.components.Raster(wta)
_viz_config[_viz_8].n_neurons = 36
_viz_config[_viz_8].x = 0.8246474307018958
_viz_config[_viz_8].y = 0.22640276390276395
_viz_config[_viz_8].width = 0.12562814070351758
_viz_config[_viz_8].height = 0.09157509157509157
_viz_config[_viz_8].label_visible = True
_viz_9 = nengo_gui.components.Raster(out)
_viz_config[_viz_9].n_neurons = 36
_viz_config[_viz_9].x = 0.8223645107256715
_viz_config[_viz_9].y = 0.4663295038295038
_viz_config[_viz_9].width = 0.12562814070351758
_viz_config[_viz_9].height = 0.09157509157509157
_viz_config[_viz_9].label_visible = True
_viz_net_graph = nengo_gui.components.NetGraph()
_viz_progress = nengo_gui.components.Progress()
_viz_config[_viz_progress].x = 0
_viz_config[_viz_progress].y = 0
_viz_config[_viz_progress].width = 100
_viz_config[_viz_progress].height = 100
_viz_config[_viz_progress].label_visible = True
_viz_sim_control = nengo_gui.components.SimControl()
_viz_config[_viz_sim_control].shown_time = 0.5
_viz_config[_viz_sim_control].kept_time = 4.0
_viz_config[hidden].pos=(0.489247311827957, 0.6969696969696969)
_viz_config[hidden].size=(0.053763440860215055, 0.1515151515151515)
_viz_config[inp].pos=(0.2741935483870968, 0.6969696969696969)
_viz_config[inp].size=(0.053763440860215055, 0.1515151515151515)
_viz_config[model].pos=(0.10513916145812963, -0.018291212080968462)
_viz_config[model].size=(1.0000000000000002, 1.0000000000000002)
_viz_config[model].expanded=True
_viz_config[model].has_layout=True
_viz_config[out].pos=(0.9193548387096775, 0.6969696969696969)
_viz_config[out].size=(0.053763440860215055, 0.1515151515151515)
_viz_config[stim].pos=(0.06989247311827958, 0.6969696969696969)
_viz_config[stim].size=(0.043010752688172046, 0.12121212121212119)
_viz_config[truth].pos=(0.20163316582914612, 0.22325633690206997)
_viz_config[truth].size=(0.1311847700038654, 0.1212121212121212)
_viz_config[wta].pos=(0.7043010752688172, 0.6969696969696969)
_viz_config[wta].size=(0.053763440860215055, 0.1515151515151515)