_viz_0 = nengo_gui.components.SpikeGrid(model.ensembles[1])
_viz_config[_viz_0].x = 0.9375004204083004
_viz_config[_viz_0].y = 0.8252536754602908
_viz_config[_viz_0].width = 0.035650623885918005
_viz_config[_viz_0].height = 0.08244023083264633
_viz_config[_viz_0].label_visible = True
_viz_1 = nengo_gui.components.SpikeGrid(model.ensembles[0])
_viz_config[_viz_1].x = 0.8417818585410176
_viz_config[_viz_1].y = 0.8322322982504349
_viz_config[_viz_1].width = 0.035650623885918005
_viz_config[_viz_1].height = 0.08244023083264633
_viz_config[_viz_1].label_visible = True
_viz_2 = nengo_gui.components.Raster(model.ensembles[1])
_viz_config[_viz_2].n_neurons = 16
_viz_config[_viz_2].x = 0.9346483704974267
_viz_config[_viz_2].y = 0.6323435353118987
_viz_config[_viz_2].width = 0.035650623885918005
_viz_config[_viz_2].height = 0.08244023083264633
_viz_config[_viz_2].label_visible = True
_viz_3 = nengo_gui.components.Voltage(model.ensembles[1])
_viz_config[_viz_3].max_value = 5
_viz_config[_viz_3].min_value = 0
_viz_config[_viz_3].show_legend = False
_viz_config[_viz_3].legend_labels = ['label_0', 'label_1', 'label_2', 'label_3', 'label_4']
_viz_config[_viz_3].x = 0.7253792082870892
_viz_config[_viz_3].y = 0.8541077562517174
_viz_config[_viz_3].width = 0.035650623885918005
_viz_config[_viz_3].height = 0.08244023083264633
_viz_config[_viz_3].label_visible = True
_viz_net_graph = nengo_gui.components.NetGraph()
_viz_progress = nengo_gui.components.Progress()
_viz_config[_viz_progress].x = 0
_viz_config[_viz_progress].y = 0
_viz_config[_viz_progress].width = 100
_viz_config[_viz_progress].height = 100
_viz_config[_viz_progress].label_visible = True
_viz_sim_control = nengo_gui.components.SimControl()
_viz_config[_viz_sim_control].shown_time = 0.5
_viz_config[_viz_sim_control].kept_time = 4.0
_viz_config[layer].pos=(0.12264150943396226, 0.1875)
_viz_config[layer].size=(0.07547169811320754, 0.08333333333333333)
_viz_config[model].pos=(0, 0)
_viz_config[model].size=(1.0, 1.0)
_viz_config[model].expanded=True
_viz_config[model].has_layout=True
_viz_config[model.ensembles[0]].pos=(0.48113207547169806, 0.7916666666666666)
_viz_config[model.ensembles[0]].size=(0.09433962264150943, 0.10416666666666666)
_viz_config[model.ensembles[1]].pos=(0.8584905660377359, 0.48958333333333326)
_viz_config[model.ensembles[1]].size=(0.09433962264150943, 0.10416666666666666)
_viz_config[model.nodes[0]].pos=(0.12264150943396226, 0.7916666666666666)
_viz_config[model.nodes[0]].size=(0.07547169811320754, 0.08333333333333333)