_viz_0 = nengo_gui.components.Raster(model.ensembles[2])
_viz_config[_viz_0].n_neurons = 10
_viz_config[_viz_0].x = 0.8428398928265374
_viz_config[_viz_0].y = 0.7213540494348536
_viz_config[_viz_0].width = 0.09017132551848513
_viz_config[_viz_0].height = 0.07892659826361484
_viz_config[_viz_0].label_visible = True
_viz_1 = nengo_gui.components.Raster(model.ensembles[3])
_viz_config[_viz_1].n_neurons = 10
_viz_config[_viz_1].x = 0.628569939909101
_viz_config[_viz_1].y = 0.18479071953994755
_viz_config[_viz_1].width = 0.09017132551848513
_viz_config[_viz_1].height = 0.07892659826361484
_viz_config[_viz_1].label_visible = True
_viz_2 = nengo_gui.components.SpikeGrid(model.ensembles[0])
_viz_config[_viz_2].x = 0.8650571763997819
_viz_config[_viz_2].y = 0.13791496241407408
_viz_config[_viz_2].width = 0.09017132551848513
_viz_config[_viz_2].height = 0.07892659826361485
_viz_config[_viz_2].label_visible = True
_viz_5 = nengo_gui.components.Raster(model.ensembles[1])
_viz_config[_viz_5].n_neurons = 10
_viz_config[_viz_5].x = 0.4771574301621613
_viz_config[_viz_5].y = 0.1750003146008319
_viz_config[_viz_5].width = 0.0514668039114771
_viz_config[_viz_5].height = 0.07892659826361484
_viz_config[_viz_5].label_visible = True
_viz_net_graph = nengo_gui.components.NetGraph()
_viz_progress = nengo_gui.components.Progress()
_viz_config[_viz_progress].x = 0
_viz_config[_viz_progress].y = 0
_viz_config[_viz_progress].width = 100
_viz_config[_viz_progress].height = 100
_viz_config[_viz_progress].label_visible = True
_viz_sim_control = nengo_gui.components.SimControl()
_viz_config[_viz_sim_control].shown_time = 0.5
_viz_config[_viz_sim_control].kept_time = 4.0
_viz_config[layer].pos=(0.12264150943396226, 0.08333333333333333)
_viz_config[layer].size=(0.07547169811320754, 0.037037037037037035)
_viz_config[model].pos=(-0.02884624052355925, -0.03077942987025285)
_viz_config[model].size=(1.0, 1.0)
_viz_config[model].expanded=True
_viz_config[model].has_layout=True
_viz_config[model.ensembles[0]].pos=(0.48113207547169806, 0.9074074074074073)
_viz_config[model.ensembles[0]].size=(0.09433962264150943, 0.04629629629629629)
_viz_config[model.ensembles[1]].pos=(0.48113207547169806, 0.3518518518518518)
_viz_config[model.ensembles[1]].size=(0.09433962264150943, 0.04629629629629629)
_viz_config[model.ensembles[2]].pos=(0.48113207547169806, 0.6296296296296295)
_viz_config[model.ensembles[2]].size=(0.09433962264150943, 0.04629629629629629)
_viz_config[model.ensembles[3]].pos=(0.8584905660377359, 0.4953703703703703)
_viz_config[model.ensembles[3]].size=(0.09433962264150943, 0.04629629629629629)
_viz_config[model.nodes[0]].pos=(0.12264150943396226, 0.49074074074074064)
_viz_config[model.nodes[0]].size=(0.07547169811320754, 0.037037037037037035)
_viz_config[model.nodes[1]].pos=(0.12264150943396226, 0.9074074074074073)
_viz_config[model.nodes[1]].size=(0.07547169811320754, 0.037037037037037035)