_viz_0 = nengo_gui.components.SpikeGrid(model.ensembles[2])
_viz_config[_viz_0].x = 0.3352505241986847
_viz_config[_viz_0].y = 0.5251122570037844
_viz_config[_viz_0].width = 0.1124859392575928
_viz_config[_viz_0].height = 0.15625
_viz_config[_viz_0].label_visible = True
_viz_1 = nengo_gui.components.SpikeGrid(model.ensembles[0])
_viz_config[_viz_1].x = 0.903917490660976
_viz_config[_viz_1].y = 0.7676121953708022
_viz_config[_viz_1].width = 0.07331378299120235
_viz_config[_viz_1].height = 0.13568521031207598
_viz_config[_viz_1].label_visible = True
_viz_2 = nengo_gui.components.Raster(model.ensembles[1])
_viz_config[_viz_2].n_neurons = 10
_viz_config[_viz_2].x = 0.6583578010924517
_viz_config[_viz_2].y = 0.3612228629579377
_viz_config[_viz_2].width = 0.07331378299120235
_viz_config[_viz_2].height = 0.13568521031207598
_viz_config[_viz_2].label_visible = True
_viz_3 = nengo_gui.components.SpikeGrid(model.ensembles[1])
_viz_config[_viz_3].x = 0.4978696050805484
_viz_config[_viz_3].y = 0.18129492187499988
_viz_config[_viz_3].width = 0.1124859392575928
_viz_config[_viz_3].height = 0.15625
_viz_config[_viz_3].label_visible = True
_viz_net_graph = nengo_gui.components.NetGraph()
_viz_progress = nengo_gui.components.Progress()
_viz_config[_viz_progress].x = 0
_viz_config[_viz_progress].y = 0
_viz_config[_viz_progress].width = 100
_viz_config[_viz_progress].height = 100
_viz_config[_viz_progress].label_visible = True
_viz_sim_control = nengo_gui.components.SimControl()
_viz_config[_viz_sim_control].shown_time = 0.5
_viz_config[_viz_sim_control].kept_time = 4.0
_viz_config[layer].pos=(0.5, 0.8125)
_viz_config[layer].size=(0.3076923076923077, 0.08333333333333331)
_viz_config[model].pos=(0, 0)
_viz_config[model].size=(1.0, 1.0)
_viz_config[model].expanded=True
_viz_config[model].has_layout=True
_viz_config[model.ensembles[0]].pos=(0.48113207547169806, 0.5208333333333334)
_viz_config[model.ensembles[0]].size=(0.09433962264150943, 0.1041666666666667)
_viz_config[model.ensembles[1]].pos=(0.7727272727272727, 0.20833333333333331)
_viz_config[model.ensembles[1]].size=(0.15151515151515152, 0.10416666666666667)
_viz_config[model.ensembles[2]].pos=(0.8584905660377359, 0.5208333333333334)
_viz_config[model.ensembles[2]].size=(0.09433962264150943, 0.1041666666666667)
_viz_config[model.nodes[0]].pos=(0.19696969696969696, 0.20833333333333331)
_viz_config[model.nodes[0]].size=(0.1212121212121212, 0.08333333333333334)
_viz_config[model.nodes[1]].pos=(0.12264150943396226, 0.5208333333333334)
_viz_config[model.nodes[1]].size=(0.07547169811320754, 0.08333333333333334)