_viz_1 = nengo_gui.components.SpikeGrid(model.ensembles[0])
_viz_config[_viz_1].x = 0.903917490660976
_viz_config[_viz_1].y = 0.7676121953708022
_viz_config[_viz_1].width = 0.07331378299120235
_viz_config[_viz_1].height = 0.13568521031207598
_viz_config[_viz_1].label_visible = True
_viz_2 = nengo_gui.components.SpikeGrid(model.ensembles[2])
_viz_config[_viz_2].x = 0.47454736039641704
_viz_config[_viz_2].y = 0.394047619047619
_viz_config[_viz_2].width = 0.050505050505050504
_viz_config[_viz_2].height = 0.09009009009009009
_viz_config[_viz_2].label_visible = True
_viz_3 = nengo_gui.components.SpikeGrid(model.ensembles[1])
_viz_config[_viz_3].x = 0.35021917286068205
_viz_config[_viz_3].y = 0.39118404118404093
_viz_config[_viz_3].width = 0.050505050505050504
_viz_config[_viz_3].height = 0.09009009009009009
_viz_config[_viz_3].label_visible = True
_viz_net_graph = nengo_gui.components.NetGraph()
_viz_progress = nengo_gui.components.Progress()
_viz_config[_viz_progress].x = 0
_viz_config[_viz_progress].y = 0
_viz_config[_viz_progress].width = 100
_viz_config[_viz_progress].height = 100
_viz_config[_viz_progress].label_visible = True
_viz_sim_control = nengo_gui.components.SimControl()
_viz_config[_viz_sim_control].shown_time = 0.5
_viz_config[_viz_sim_control].kept_time = 4.0
_viz_config[layer].pos=(0.5, 0.857142857142857)
_viz_config[layer].size=(0.3076923076923077, 0.06349206349206349)
_viz_config[model].pos=(0, 0)
_viz_config[model].size=(1.0, 1.0)
_viz_config[model].expanded=True
_viz_config[model].has_layout=True
_viz_config[model.ensembles[0]].pos=(0.48113207547169806, 0.6349206349206349)
_viz_config[model.ensembles[0]].size=(0.09433962264150943, 0.07936507936507936)
_viz_config[model.ensembles[1]].pos=(0.48113207547169806, 0.15873015873015872)
_viz_config[model.ensembles[1]].size=(0.09433962264150943, 0.07936507936507936)
_viz_config[model.ensembles[2]].pos=(0.8584905660377359, 0.3968253968253968)
_viz_config[model.ensembles[2]].size=(0.09433962264150943, 0.07936507936507936)
_viz_config[model.nodes[0]].pos=(0.12264150943396226, 0.15873015873015872)
_viz_config[model.nodes[0]].size=(0.07547169811320754, 0.06349206349206349)
_viz_config[model.nodes[1]].pos=(0.12264150943396226, 0.6349206349206349)
_viz_config[model.nodes[1]].size=(0.07547169811320754, 0.06349206349206349)