_viz_5 = nengo_gui.components.SpikeGrid(model.ensembles[3])
_viz_config[_viz_5].x = 0.14975487530573312
_viz_config[_viz_5].y = 0.742968277471319
_viz_config[_viz_5].width = 0.145985401459854
_viz_config[_viz_5].height = 0.09157509157509157
_viz_config[_viz_5].label_visible = True
_viz_net_graph = nengo_gui.components.NetGraph()
_viz_progress = nengo_gui.components.Progress()
_viz_config[_viz_progress].x = 0
_viz_config[_viz_progress].y = 0
_viz_config[_viz_progress].width = 100
_viz_config[_viz_progress].height = 100
_viz_config[_viz_progress].label_visible = True
_viz_sim_control = nengo_gui.components.SimControl()
_viz_config[_viz_sim_control].shown_time = 0.5
_viz_config[_viz_sim_control].kept_time = 4.0
_viz_config[layer].pos=(0.9193548387096775, 0.91869918699187)
_viz_config[layer].size=(0.053763440860215055, 0.04065040650406504)
_viz_config[model].pos=(0, -0.0018322568824149146)
_viz_config[model].size=(1, 1)
_viz_config[model].expanded=True
_viz_config[model].has_layout=True
_viz_config[model.ensembles[0]].pos=(0.2741935483870968, 0.32113821138211385)
_viz_config[model.ensembles[0]].size=(0.053763440860215055, 0.04065040650406504)
_viz_config[model.ensembles[1]].pos=(0.489247311827957, 0.5569105691056911)
_viz_config[model.ensembles[1]].size=(0.053763440860215055, 0.04065040650406504)
_viz_config[model.ensembles[2]].pos=(0.7043010752688172, 0.4390243902439025)
_viz_config[model.ensembles[2]].size=(0.053763440860215055, 0.04065040650406504)
_viz_config[model.ensembles[3]].pos=(0.2741935483870968, 0.91869918699187)
_viz_config[model.ensembles[3]].size=(0.053763440860215055, 0.04065040650406504)
_viz_config[model.ensembles[4]].pos=(0.489247311827957, 0.8008130081300814)
_viz_config[model.ensembles[4]].size=(0.053763440860215055, 0.04065040650406504)
_viz_config[model.ensembles[5]].pos=(0.7043010752688172, 0.8008130081300814)
_viz_config[model.ensembles[5]].size=(0.053763440860215055, 0.04065040650406504)
_viz_config[model.ensembles[6]].pos=(0.7043010752688172, 0.08130081300813008)
_viz_config[model.ensembles[6]].size=(0.053763440860215055, 0.04065040650406504)
_viz_config[model.ensembles[7]].pos=(0.489247311827957, 0.08130081300813008)
_viz_config[model.ensembles[7]].size=(0.053763440860215055, 0.04065040650406504)
_viz_config[model.nodes[0]].pos=(0.06989247311827958, 0.08130081300813008)
_viz_config[model.nodes[0]].size=(0.043010752688172046, 0.032520325203252036)
_viz_config[model.nodes[1]].pos=(0.06989247311827958, 0.4390243902439025)
_viz_config[model.nodes[1]].size=(0.043010752688172046, 0.032520325203252036)
_viz_config[model.nodes[2]].pos=(0.2741935483870968, 0.5569105691056911)
_viz_config[model.nodes[2]].size=(0.043010752688172046, 0.032520325203252036)
_viz_config[model.nodes[3]].pos=(0.06989247311827958, 0.91869918699187)
_viz_config[model.nodes[3]].size=(0.043010752688172046, 0.032520325203252036)