_viz_0 = nengo_gui.components.SpikeGrid(model.ensembles[3])
_viz_config[_viz_0].x = 0.12849001440259522
_viz_config[_viz_0].y = 0.6835831741810016
_viz_config[_viz_0].width = 0.12909632571996027
_viz_config[_viz_0].height = 0.1159678858162355
_viz_config[_viz_0].label_visible = True
_viz_net_graph = nengo_gui.components.NetGraph()
_viz_progress = nengo_gui.components.Progress()
_viz_config[_viz_progress].x = 0
_viz_config[_viz_progress].y = 0
_viz_config[_viz_progress].width = 100
_viz_config[_viz_progress].height = 100
_viz_config[_viz_progress].label_visible = True
_viz_sim_control = nengo_gui.components.SimControl()
_viz_config[_viz_sim_control].shown_time = 0.5
_viz_config[_viz_sim_control].kept_time = 4.0
_viz_config[layer].pos=(0.9336283185840707, 0.9331103678929765)
_viz_config[layer].size=(0.04424778761061946, 0.033444816053511704)
_viz_config[model].pos=(0.10627317342924693, 0.10710774256560054)
_viz_config[model].size=(0.8455563223611554, 0.8455563223611554)
_viz_config[model].expanded=True
_viz_config[model].has_layout=True
_viz_config[model.ensembles[0]].pos=(0.22566371681415928, 0.354515050167224)
_viz_config[model.ensembles[0]].size=(0.04424778761061946, 0.033444816053511704)
_viz_config[model.ensembles[1]].pos=(0.4026548672566371, 0.5484949832775919)
_viz_config[model.ensembles[1]].size=(0.04424778761061946, 0.033444816053511704)
_viz_config[model.ensembles[2]].pos=(0.5796460176991151, 0.451505016722408)
_viz_config[model.ensembles[2]].size=(0.04424778761061946, 0.033444816053511704)
_viz_config[model.ensembles[3]].pos=(0.22566371681415928, 0.9331103678929765)
_viz_config[model.ensembles[3]].size=(0.04424778761061946, 0.033444816053511704)
_viz_config[model.ensembles[4]].pos=(0.5796460176991151, 0.8361204013377926)
_viz_config[model.ensembles[4]].size=(0.04424778761061946, 0.033444816053511704)
_viz_config[model.ensembles[5]].pos=(0.7566371681415929, 0.8361204013377926)
_viz_config[model.ensembles[5]].size=(0.04424778761061946, 0.033444816053511704)
_viz_config[model.ensembles[6]].pos=(0.7566371681415929, 0.16387959866220736)
_viz_config[model.ensembles[6]].size=(0.04424778761061946, 0.033444816053511704)
_viz_config[model.ensembles[7]].pos=(0.4026548672566371, 0.06688963210702341)
_viz_config[model.ensembles[7]].size=(0.04424778761061946, 0.033444816053511704)
_viz_config[model.nodes[0]].pos=(0.05752212389380531, 0.06688963210702341)
_viz_config[model.nodes[0]].size=(0.035398230088495575, 0.026755852842809364)
_viz_config[model.nodes[1]].pos=(0.05752212389380531, 0.451505016722408)
_viz_config[model.nodes[1]].size=(0.035398230088495575, 0.026755852842809364)
_viz_config[model.nodes[2]].pos=(0.22566371681415928, 0.5484949832775919)
_viz_config[model.nodes[2]].size=(0.035398230088495575, 0.026755852842809364)
_viz_config[model.nodes[3]].pos=(0.05752212389380531, 0.9331103678929765)
_viz_config[model.nodes[3]].size=(0.035398230088495575, 0.026755852842809364)