_viz_0 = nengo_gui.components.SpikeGrid(model.ensembles[3])
_viz_config[_viz_0].x = 0.18992322559289282
_viz_config[_viz_0].y = 0.5316839803171132
_viz_config[_viz_0].width = 0.09930486593843098
_viz_config[_viz_0].height = 0.08920606601248884
_viz_config[_viz_0].label_visible = True
_viz_net_graph = nengo_gui.components.NetGraph()
_viz_progress = nengo_gui.components.Progress()
_viz_config[_viz_progress].x = 0
_viz_config[_viz_progress].y = 0
_viz_config[_viz_progress].width = 100
_viz_config[_viz_progress].height = 100
_viz_config[_viz_progress].label_visible = True
_viz_sim_control = nengo_gui.components.SimControl()
_viz_config[_viz_sim_control].shown_time = 0.5
_viz_config[_viz_sim_control].kept_time = 4.0
_viz_config[layer].pos=(0.9193548387096775, 0.9078341013824887)
_viz_config[layer].size=(0.053763440860215055, 0.04608294930875576)
_viz_config[model].pos=(0.3452527681541955, 0.313526185351212)
_viz_config[model].size=(0.6483646180138743, 0.6483646180138743)
_viz_config[model].expanded=True
_viz_config[model].has_layout=True
_viz_config[model.ensembles[0]].pos=(0.34931506849315064, 0.09216589861751152)
_viz_config[model.ensembles[0]].size=(0.0684931506849315, 0.04608294930875576)
_viz_config[model.ensembles[1]].pos=(0.6232876712328768, 0.359447004608295)
_viz_config[model.ensembles[1]].size=(0.0684931506849315, 0.04608294930875576)
_viz_config[model.ensembles[2]].pos=(0.8972602739726027, 0.22580645161290322)
_viz_config[model.ensembles[2]].size=(0.0684931506849315, 0.04608294930875576)
_viz_config[model.ensembles[3]].pos=(0.2741935483870968, 0.7695852534562213)
_viz_config[model.ensembles[3]].size=(0.053763440860215055, 0.04608294930875576)
_viz_config[model.ensembles[4]].pos=(0.489247311827957, 0.6359447004608295)
_viz_config[model.ensembles[4]].size=(0.053763440860215055, 0.04608294930875576)
_viz_config[model.ensembles[5]].pos=(0.7043010752688172, 0.7741935483870969)
_viz_config[model.ensembles[5]].size=(0.053763440860215055, 0.04608294930875576)
_viz_config[model.ensembles[6]].pos=(0.7043010752688172, 0.4976958525345623)
_viz_config[model.ensembles[6]].size=(0.053763440860215055, 0.04608294930875576)
_viz_config[model.nodes[0]].pos=(0.08904109589041095, 0.22580645161290322)
_viz_config[model.nodes[0]].size=(0.0547945205479452, 0.03686635944700461)
_viz_config[model.nodes[1]].pos=(0.34931506849315064, 0.359447004608295)
_viz_config[model.nodes[1]].size=(0.0547945205479452, 0.03686635944700461)
_viz_config[model.nodes[2]].pos=(0.06989247311827958, 0.7695852534562213)
_viz_config[model.nodes[2]].size=(0.043010752688172046, 0.03686635944700461)