_viz_3 = nengo_gui.components.Raster(model.ensembles[3])
_viz_config[_viz_3].n_neurons = 225
_viz_config[_viz_3].x = 0.3014265412186832
_viz_config[_viz_3].y = 0.2972430825886339
_viz_config[_viz_3].width = 0.10204018472549531
_viz_config[_viz_3].height = 0.09166321678730935
_viz_config[_viz_3].label_visible = True
_viz_5 = nengo_gui.components.Raster(model.ensembles[4])
_viz_config[_viz_5].n_neurons = 64
_viz_config[_viz_5].x = 0.5285706209922194
_viz_config[_viz_5].y = 0.29051998834191844
_viz_config[_viz_5].width = 0.10204018472549531
_viz_config[_viz_5].height = 0.09166321678730935
_viz_config[_viz_5].label_visible = True
_viz_net_graph = nengo_gui.components.NetGraph()
_viz_progress = nengo_gui.components.Progress()
_viz_config[_viz_progress].x = 0
_viz_config[_viz_progress].y = 0
_viz_config[_viz_progress].width = 100
_viz_config[_viz_progress].height = 100
_viz_config[_viz_progress].label_visible = True
_viz_sim_control = nengo_gui.components.SimControl()
_viz_config[_viz_sim_control].shown_time = 0.5
_viz_config[_viz_sim_control].kept_time = 4.0
_viz_config[layer].pos=(0.6254124355319214, 0.9078341013824883)
_viz_config[layer].size=(0.053763440860215055, 0.046082949308755755)
_viz_config[model].pos=(0.03643148008139768, 0.002258232035355247)
_viz_config[model].size=(0.9731937099641403, 0.9731937099641403)
_viz_config[model].expanded=True
_viz_config[model].has_layout=True
_viz_config[model.ensembles[0]].pos=(0.4946503507704136, 0.5820277937081171)
_viz_config[model.ensembles[0]].size=(0.053763440860215055, 0.046082949308755755)
_viz_config[model.ensembles[1]].pos=(0.2807070933572519, 0.7576881168665727)
_viz_config[model.ensembles[1]].size=(0.053763440860215055, 0.046082949308755755)
_viz_config[model.ensembles[2]].pos=(0.49476780813872856, 0.7588028179874629)
_viz_config[model.ensembles[2]].size=(0.053763440860215055, 0.046082949308755755)
_viz_config[model.ensembles[3]].pos=(0.2741935483870968, 0.9078341013824884)
_viz_config[model.ensembles[3]].size=(0.053763440860215055, 0.046082949308755755)
_viz_config[model.ensembles[4]].pos=(0.8543966673108472, 0.7635582656960587)
_viz_config[model.ensembles[4]].size=(0.053763440860215055, 0.046082949308755755)
_viz_config[model.ensembles[5]].pos=(0.9029108071456794, 0.9098412214048114)
_viz_config[model.ensembles[5]].size=(0.053763440860215055, 0.046082949308755755)
_viz_config[model.ensembles[6]].pos=(0.8678829236882688, 0.5507472459003555)
_viz_config[model.ensembles[6]].size=(0.053763440860215055, 0.046082949308755755)
_viz_config[model.nodes[0]].pos=(0.07088552177766387, 0.581951711912373)
_viz_config[model.nodes[0]].size=(0.043010752688172046, 0.03686635944700461)
_viz_config[model.nodes[1]].pos=(0.07061857321331336, 0.7575359532750847)
_viz_config[model.nodes[1]].size=(0.043010752688172046, 0.03686635944700461)
_viz_config[model.nodes[2]].pos=(0.06989247311827958, 0.9078341013824884)
_viz_config[model.nodes[2]].size=(0.043010752688172046, 0.03686635944700461)