_viz_0 = nengo_gui.components.XYValue(layer)
_viz_config[_viz_0].max_value = 1
_viz_config[_viz_0].min_value = -1
_viz_config[_viz_0].index_x = 0
_viz_config[_viz_0].index_y = 1
_viz_config[_viz_0].x = 0.28196964087375054
_viz_config[_viz_0].y = 0.8522644616757014
_viz_config[_viz_0].width = 0.13513513513513514
_viz_config[_viz_0].height = 0.08920606601248884
_viz_config[_viz_0].label_visible = True
_viz_1 = nengo_gui.components.Value(model.ensembles[2])
_viz_config[_viz_1].max_value = 3.2
_viz_config[_viz_1].min_value = -3.2
_viz_config[_viz_1].show_legend = False
_viz_config[_viz_1].legend_labels = ['label_0']
_viz_config[_viz_1].synapse = 0.01
_viz_config[_viz_1].x = 0.20169306800458475
_viz_config[_viz_1].y = 0.5296038396568415
_viz_config[_viz_1].width = 0.13717421124828533
_viz_config[_viz_1].height = 0.08920606601248884
_viz_config[_viz_1].label_visible = True
_viz_net_graph = nengo_gui.components.NetGraph()
_viz_progress = nengo_gui.components.Progress()
_viz_config[_viz_progress].x = 0
_viz_config[_viz_progress].y = 0
_viz_config[_viz_progress].width = 100
_viz_config[_viz_progress].height = 100
_viz_config[_viz_progress].label_visible = True
_viz_sim_control = nengo_gui.components.SimControl()
_viz_config[_viz_sim_control].shown_time = 0.5
_viz_config[_viz_sim_control].kept_time = 4.0
_viz_config[layer].pos=(0.3924591765789123, 0.5634220277466321)
_viz_config[layer].size=(0.0684931506849315, 0.053191489361702135)
_viz_config[model].pos=(-0.0013717421124828531, -0.0026772567042969973)
_viz_config[model].size=(0.8371065808485763, 0.8371065808485763)
_viz_config[model].expanded=True
_viz_config[model].has_layout=True
_viz_config[model.ensembles[0]].pos=(0.3932108160926019, 0.38749493267458823)
_viz_config[model.ensembles[0]].size=(0.0684931506849315, 0.05319148936170212)
_viz_config[model.ensembles[1]].pos=(0.6466072871450853, 0.14895278439444154)
_viz_config[model.ensembles[1]].size=(0.0684931506849315, 0.05319148936170212)
_viz_config[model.ensembles[2]].pos=(0.8972602739726027, 0.26063829787234044)
_viz_config[model.ensembles[2]].size=(0.0684931506849315, 0.05319148936170212)
_viz_config[model.ensembles[3]].pos=(0.2752409944190764, 0.7233335263743015)
_viz_config[model.ensembles[3]].size=(0.0684931506849315, 0.053191489361702135)
_viz_config[model.ensembles[4]].pos=(0.5478418550463193, 0.7233335263743014)
_viz_config[model.ensembles[4]].size=(0.0684931506849315, 0.053191489361702135)
_viz_config[model.ensembles[5]].pos=(0.9164646635473626, 0.6128420978679727)
_viz_config[model.ensembles[5]].size=(0.0684931506849315, 0.053191489361702135)
_viz_config[model.nodes[0]].pos=(0.08904109589041095, 0.26063829787234044)
_viz_config[model.nodes[0]].size=(0.0547945205479452, 0.0425531914893617)
_viz_config[model.nodes[1]].pos=(0.3575455211680478, 0.15163004109873848)
_viz_config[model.nodes[1]].size=(0.0547945205479452, 0.0425531914893617)
_viz_config[model.nodes[2]].pos=(0.07395193265309959, 0.7295804586843277)
_viz_config[model.nodes[2]].size=(0.0547945205479452, 0.04255319148936171)