_viz_0 = nengo_gui.components.SpikeGrid(model.ensembles[3])
_viz_config[_viz_0].x = 0.14250244379276641
_viz_config[_viz_0].y = 0.6574645333947218
_viz_config[_viz_0].width = 0.12121212121212122
_viz_config[_viz_0].height = 0.08920606601248884
_viz_config[_viz_0].label_visible = True
_viz_1 = nengo_gui.components.SpikeGrid(model.ensembles[4])
_viz_config[_viz_1].x = 0.41937438905180857
_viz_config[_viz_1].y = 0.6559026050637798
_viz_config[_viz_1].width = 0.12121212121212122
_viz_config[_viz_1].height = 0.08920606601248884
_viz_config[_viz_1].label_visible = True
_viz_net_graph = nengo_gui.components.NetGraph()
_viz_progress = nengo_gui.components.Progress()
_viz_config[_viz_progress].x = 0
_viz_config[_viz_progress].y = 0
_viz_config[_viz_progress].width = 100
_viz_config[_viz_progress].height = 100
_viz_config[_viz_progress].label_visible = True
_viz_sim_control = nengo_gui.components.SimControl()
_viz_config[_viz_sim_control].shown_time = 0.5
_viz_config[_viz_sim_control].kept_time = 4.0
_viz_config[layer].pos=(0.46723362658846485, 0.9167582903968119)
_viz_config[layer].size=(0.053763440860215055, 0.04608294930875576)
_viz_config[model].pos=(0.22889596767676162, 0.3114914554059512)
_viz_config[model].size=(0.700747427699994, 0.700747427699994)
_viz_config[model].expanded=True
_viz_config[model].has_layout=True
_viz_config[model.ensembles[0]].pos=(0.1177999169779991, 0.34204319101856423)
_viz_config[model.ensembles[0]].size=(0.0684931506849315, 0.04608294930875576)
_viz_config[model.ensembles[1]].pos=(0.5287422166874216, 0.49420225872457657)
_viz_config[model.ensembles[1]].size=(0.0684931506849315, 0.04608294930875576)
_viz_config[model.ensembles[2]].pos=(0.5263511830635118, 0.34539058440483533)
_viz_config[model.ensembles[2]].size=(0.0684931506849315, 0.04608294930875576)
_viz_config[model.ensembles[3]].pos=(0.3347996089931575, 0.8463332789794014)
_viz_config[model.ensembles[3]].size=(0.053763440860215055, 0.04608294930875576)
_viz_config[model.ensembles[4]].pos=(0.6371260997067453, 0.8483403990017231)
_viz_config[model.ensembles[4]].size=(0.053763440860215055, 0.04608294930875576)
_viz_config[model.ensembles[5]].pos=(0.8691495601173024, 0.9187654104191343)
_viz_config[model.ensembles[5]].size=(0.053763440860215055, 0.04608294930875576)
_viz_config[model.ensembles[6]].pos=(0.6303616813294237, 0.6993825242582675)
_viz_config[model.ensembles[6]].size=(0.053763440860215055, 0.04608294930875576)
_viz_config[model.nodes[0]].pos=(0.11691988376919882, 0.4917472842397378)
_viz_config[model.nodes[0]].size=(0.0547945205479452, 0.03686635944700461)
_viz_config[model.nodes[1]].pos=(0.3238605230386052, 0.4942022587245768)
_viz_config[model.nodes[1]].size=(0.0547945205479452, 0.03686635944700461)
_viz_config[model.nodes[2]].pos=(0.07716520039100681, 0.8463332789794012)
_viz_config[model.nodes[2]].size=(0.043010752688172046, 0.03686635944700461)