_viz_0 = nengo_gui.components.SpikeGrid(model.ensembles[3])
_viz_config[_viz_0].x = 0.732426498028196
_viz_config[_viz_0].y = 0.2816764676885914
_viz_config[_viz_0].width = 0.08229804156644444
_viz_config[_viz_0].height = 0.07392874920375517
_viz_config[_viz_0].label_visible = True
_viz_1 = nengo_gui.components.Value(model.ensembles[6])
_viz_config[_viz_1].max_value = 1
_viz_config[_viz_1].min_value = -1
_viz_config[_viz_1].show_legend = False
_viz_config[_viz_1].legend_labels = ['label_0']
_viz_config[_viz_1].synapse = 0.01
_viz_config[_viz_1].x = 0.7229345944964378
_viz_config[_viz_1].y = 0.4568573554395022
_viz_config[_viz_1].width = 0.08229804156644444
_viz_config[_viz_1].height = 0.07392874920375517
_viz_config[_viz_1].label_visible = True
_viz_net_graph = nengo_gui.components.NetGraph()
_viz_progress = nengo_gui.components.Progress()
_viz_config[_viz_progress].x = 0
_viz_config[_viz_progress].y = 0
_viz_config[_viz_progress].width = 100
_viz_config[_viz_progress].height = 100
_viz_config[_viz_progress].label_visible = True
_viz_sim_control = nengo_gui.components.SimControl()
_viz_config[_viz_sim_control].shown_time = 0.5
_viz_config[_viz_sim_control].kept_time = 4.0
_viz_config[layer].pos=(0.4256421741060431, 0.9322179489915444)
_viz_config[layer].size=(0.04424778761061946, 0.033444816053511704)
_viz_config[model].pos=(0.027779926708120684, -0.16741447069676102)
_viz_config[model].size=(1.1625684616857421, 1.1625684616857421)
_viz_config[model].expanded=True
_viz_config[model].has_layout=True
_viz_config[model.ensembles[0]].pos=(0.1821193903919926, 0.45298679836485173)
_viz_config[model.ensembles[0]].size=(0.04424778761061946, 0.033444816053511704)
_viz_config[model.ensembles[1]].pos=(0.1875024222243568, 0.6036655190997551)
_viz_config[model.ensembles[1]].size=(0.04424778761061946, 0.033444816053511704)
_viz_config[model.ensembles[2]].pos=(0.28138723160843904, 0.5258814545813632)
_viz_config[model.ensembles[2]].size=(0.04424778761061946, 0.033444816053511704)
_viz_config[model.ensembles[3]].pos=(0.22566371681415928, 0.9331103678929765)
_viz_config[model.ensembles[3]].size=(0.04424778761061946, 0.033444816053511704)
_viz_config[model.ensembles[4]].pos=(0.3872542380751535, 0.8048857397876609)
_viz_config[model.ensembles[4]].size=(0.04424778761061946, 0.033444816053511704)
_viz_config[model.ensembles[5]].pos=(0.5651155095241257, 0.8063894967692361)
_viz_config[model.ensembles[5]].size=(0.04424778761061946, 0.033444816053511704)
_viz_config[model.ensembles[6]].pos=(0.5791061765904203, 0.6387255240878992)
_viz_config[model.ensembles[6]].size=(0.04424778761061946, 0.033444816053511704)
_viz_config[model.ensembles[7]].pos=(0.39210924251270374, 0.45333160464600497)
_viz_config[model.ensembles[7]].size=(0.04424778761061946, 0.033444816053511704)
_viz_config[model.nodes[0]].pos=(0.3932817024730029, 0.2634646113377267)
_viz_config[model.nodes[0]].size=(0.035398230088495575, 0.026755852842809364)
_viz_config[model.nodes[1]].pos=(0.05752212389380531, 0.451505016722408)
_viz_config[model.nodes[1]].size=(0.035398230088495575, 0.026755852842809364)
_viz_config[model.nodes[2]].pos=(0.05775816368779286, 0.6020401173635319)
_viz_config[model.nodes[2]].size=(0.035398230088495575, 0.026755852842809364)
_viz_config[model.nodes[3]].pos=(0.05752212389380531, 0.9331103678929765)
_viz_config[model.nodes[3]].size=(0.035398230088495575, 0.026755852842809364)