_viz_0 = nengo_gui.components.SpikeGrid(model.ensembles[3])
_viz_config[_viz_0].x = 0.6459582071395084
_viz_config[_viz_0].y = 0.14467310298102984
_viz_config[_viz_0].width = 0.09250693802035152
_viz_config[_viz_0].height = 0.13550135501355012
_viz_config[_viz_0].label_visible = True
_viz_1 = nengo_gui.components.SpikeGrid(layer)
_viz_config[_viz_1].x = 1.0950477343189104
_viz_config[_viz_1].y = 0.13132393563808967
_viz_config[_viz_1].width = 0.11050795697553482
_viz_config[_viz_1].height = 0.16186870120671157
_viz_config[_viz_1].label_visible = True
_viz_2 = nengo_gui.components.SpikeGrid(model.ensembles[2])
_viz_config[_viz_2].x = 0.1185165942240188
_viz_config[_viz_2].y = 0.14060806233062362
_viz_config[_viz_2].width = 0.09250693802035152
_viz_config[_viz_2].height = 0.13550135501355012
_viz_config[_viz_2].label_visible = True
_viz_3 = nengo_gui.components.Raster(layer)
_viz_config[_viz_3].n_neurons = 11
_viz_config[_viz_3].x = 0.4163615757884115
_viz_config[_viz_3].y = 1.0068599492084138
_viz_config[_viz_3].width = 0.09250693802035152
_viz_config[_viz_3].height = 0.13550135501355012
_viz_config[_viz_3].label_visible = True
_viz_4 = nengo_gui.components.Value(model.nodes[0])
_viz_config[_viz_4].max_value = 1
_viz_config[_viz_4].min_value = -1
_viz_config[_viz_4].show_legend = False
_viz_config[_viz_4].legend_labels = ['label_0']
_viz_config[_viz_4].synapse = 0.01
_viz_config[_viz_4].x = 0.6840068661446316
_viz_config[_viz_4].y = 1.0670440805173234
_viz_config[_viz_4].width = 0.08098519485851205
_viz_config[_viz_4].height = 0.15207300194216583
_viz_config[_viz_4].label_visible = True
_viz_net_graph = nengo_gui.components.NetGraph()
_viz_progress = nengo_gui.components.Progress()
_viz_config[_viz_progress].x = 0
_viz_config[_viz_progress].y = 0
_viz_config[_viz_progress].width = 100
_viz_config[_viz_progress].height = 100
_viz_config[_viz_progress].label_visible = True
_viz_sim_control = nengo_gui.components.SimControl()
_viz_config[_viz_sim_control].shown_time = 0.5
_viz_config[_viz_sim_control].kept_time = 4.0
_viz_config[layer].pos=(0.8972602739726027, 0.7916666666666666)
_viz_config[layer].size=(0.0684931506849315, 0.1041666666666667)
_viz_config[model].pos=(0.09790857414505638, 0.36354117395219154)
_viz_config[model].size=(0.5866002832403768, 0.5866002832403768)
_viz_config[model].expanded=True
_viz_config[model].has_layout=True
_viz_config[model.ensembles[0]].pos=(0.6232876712328768, 0.47916666666666663)
_viz_config[model.ensembles[0]].size=(0.0684931506849315, 0.10416666666666666)
_viz_config[model.ensembles[1]].pos=(0.8972602739726027, 0.47916666666666663)
_viz_config[model.ensembles[1]].size=(0.0684931506849315, 0.10416666666666666)
_viz_config[model.ensembles[2]].pos=(0.34931506849315064, 0.7916666666666666)
_viz_config[model.ensembles[2]].size=(0.0684931506849315, 0.1041666666666667)
_viz_config[model.ensembles[3]].pos=(0.6232876712328768, 0.7916666666666666)
_viz_config[model.ensembles[3]].size=(0.0684931506849315, 0.1041666666666667)
_viz_config[model.nodes[0]].pos=(0.08904109589041095, 0.47916666666666663)
_viz_config[model.nodes[0]].size=(0.0547945205479452, 0.08333333333333333)
_viz_config[model.nodes[1]].pos=(0.34931506849315064, 0.1875)
_viz_config[model.nodes[1]].size=(0.0547945205479452, 0.08333333333333333)
_viz_config[model.nodes[2]].pos=(0.08904109589041095, 0.7916666666666666)
_viz_config[model.nodes[2]].size=(0.0547945205479452, 0.08333333333333334)