_viz_0 = nengo_gui.components.SpikeGrid(model.ensembles[3])
_viz_config[_viz_0].x = 0.1909872922776148
_viz_config[_viz_0].y = 0.5691505280423587
_viz_config[_viz_0].width = 0.12121212121212122
_viz_config[_viz_0].height = 0.08920606601248886
_viz_config[_viz_0].label_visible = True
_viz_1 = nengo_gui.components.SpikeGrid(model.ensembles[5])
_viz_config[_viz_1].x = 0.18473118279569886
_viz_config[_viz_1].y = 0.8806057471482533
_viz_config[_viz_1].width = 0.12121212121212122
_viz_config[_viz_1].height = 0.08920606601248886
_viz_config[_viz_1].label_visible = True
_viz_2 = nengo_gui.components.Raster(model.ensembles[4])
_viz_config[_viz_2].n_neurons = 64
_viz_config[_viz_2].x = 0.5405865102639296
_viz_config[_viz_2].y = 0.8850660504488775
_viz_config[_viz_2].width = 0.12121212121212122
_viz_config[_viz_2].height = 0.08920606601248886
_viz_config[_viz_2].label_visible = True
_viz_net_graph = nengo_gui.components.NetGraph()
_viz_progress = nengo_gui.components.Progress()
_viz_config[_viz_progress].x = 0
_viz_config[_viz_progress].y = 0
_viz_config[_viz_progress].width = 100
_viz_config[_viz_progress].height = 100
_viz_config[_viz_progress].label_visible = True
_viz_sim_control = nengo_gui.components.SimControl()
_viz_config[_viz_sim_control].shown_time = 0.5
_viz_config[_viz_sim_control].kept_time = 4.0
_viz_config[layer].pos=(0.9193548387096775, 0.8936170212765958)
_viz_config[layer].size=(0.053763440860215055, 0.053191489361702135)
_viz_config[model].pos=(0.026310675374289993, 0.12371381786091973)
_viz_config[model].size=(0.8371065808485765, 0.8371065808485765)
_viz_config[model].expanded=True
_viz_config[model].has_layout=True
_viz_config[model.ensembles[0]].pos=(0.3468908260689082, 0.10638297872340424)
_viz_config[model.ensembles[0]].size=(0.0684931506849315, 0.05319148936170212)
_viz_config[model.ensembles[1]].pos=(0.6293482772934829, 0.2729990116935361)
_viz_config[model.ensembles[1]].size=(0.0684931506849315, 0.05319148936170212)
_viz_config[model.ensembles[2]].pos=(0.6281693648816933, 0.10446499012168232)
_viz_config[model.ensembles[2]].size=(0.0684931506849315, 0.05319148936170212)
_viz_config[model.ensembles[3]].pos=(0.2741935483870968, 0.7340425531914894)
_viz_config[model.ensembles[3]].size=(0.053763440860215055, 0.053191489361702135)
_viz_config[model.ensembles[4]].pos=(0.489247311827957, 0.7340425531914894)
_viz_config[model.ensembles[4]].size=(0.053763440860215055, 0.053191489361702135)
_viz_config[model.ensembles[5]].pos=(0.7043010752688172, 0.7340425531914894)
_viz_config[model.ensembles[5]].size=(0.053763440860215055, 0.053191489361702135)
_viz_config[model.ensembles[6]].pos=(0.9193548387096775, 0.574468085106383)
_viz_config[model.ensembles[6]].size=(0.053763440860215055, 0.053191489361702135)
_viz_config[model.nodes[0]].pos=(0.09025321710253219, 0.14819351629186664)
_viz_config[model.nodes[0]].size=(0.0547945205479452, 0.0425531914893617)
_viz_config[model.nodes[1]].pos=(0.327496886674969, 0.2703217549892388)
_viz_config[model.nodes[1]].size=(0.0547945205479452, 0.0425531914893617)
_viz_config[model.nodes[2]].pos=(0.06989247311827958, 0.7340425531914894)
_viz_config[model.nodes[2]].size=(0.043010752688172046, 0.04255319148936171)