_viz_3 = nengo_gui.components.Value(layer)
_viz_config[_viz_3].max_value = 1
_viz_config[_viz_3].min_value = -1
_viz_config[_viz_3].show_legend = False
_viz_config[_viz_3].legend_labels = ['label_0', 'label_1', 'label_2', 'label_3', 'label_4', 'label_5', 'label_6', 'label_7', 'label_8', 'label_9', 'label_10', 'label_11', 'label_12', 'label_13', 'label_14', 'label_15', 'label_16', 'label_17']
_viz_config[_viz_3].synapse = 0.01
_viz_config[_viz_3].x = 0.7865173815625295
_viz_config[_viz_3].y = 0.18275906928337776
_viz_config[_viz_3].width = 0.0979431929480901
_viz_config[_viz_3].height = 0.08920606601248884
_viz_config[_viz_3].label_visible = True
_viz_net_graph = nengo_gui.components.NetGraph()
_viz_progress = nengo_gui.components.Progress()
_viz_config[_viz_progress].x = 0
_viz_config[_viz_progress].y = 0
_viz_config[_viz_progress].width = 100
_viz_config[_viz_progress].height = 100
_viz_config[_viz_progress].label_visible = True
_viz_sim_control = nengo_gui.components.SimControl()
_viz_config[_viz_sim_control].shown_time = 0.5
_viz_config[_viz_sim_control].kept_time = 4.0
_viz_config[layer].pos=(0.8972602739726027, 0.7916666666666666)
_viz_config[layer].size=(0.0684931506849315, 0.1041666666666667)
_viz_config[model].pos=(-0.0012285012285012285, -0.0008924189014323324)
_viz_config[model].size=(0.5866002832403768, 0.5866002832403768)
_viz_config[model].expanded=True
_viz_config[model].has_layout=True
_viz_config[model.ensembles[0]].pos=(0.6232876712328768, 0.47916666666666663)
_viz_config[model.ensembles[0]].size=(0.0684931506849315, 0.10416666666666666)
_viz_config[model.ensembles[1]].pos=(0.8972602739726027, 0.47916666666666663)
_viz_config[model.ensembles[1]].size=(0.0684931506849315, 0.10416666666666666)
_viz_config[model.ensembles[2]].pos=(0.34931506849315064, 0.7916666666666666)
_viz_config[model.ensembles[2]].size=(0.0684931506849315, 0.1041666666666667)
_viz_config[model.ensembles[3]].pos=(0.6232876712328768, 0.7916666666666666)
_viz_config[model.ensembles[3]].size=(0.0684931506849315, 0.1041666666666667)
_viz_config[model.nodes[0]].pos=(0.08904109589041095, 0.47916666666666663)
_viz_config[model.nodes[0]].size=(0.0547945205479452, 0.08333333333333333)
_viz_config[model.nodes[1]].pos=(0.34931506849315064, 0.1875)
_viz_config[model.nodes[1]].size=(0.0547945205479452, 0.08333333333333333)
_viz_config[model.nodes[2]].pos=(0.08904109589041095, 0.7916666666666666)
_viz_config[model.nodes[2]].size=(0.0547945205479452, 0.08333333333333334)