_viz_0 = nengo_gui.components.Raster(layer)
_viz_config[_viz_0].n_neurons = 18
_viz_config[_viz_0].x = 0.8435691243162372
_viz_config[_viz_0].y = 0.17870015337423303
_viz_config[_viz_0].width = 0.12121212121212123
_viz_config[_viz_0].height = 0.08920606601248884
_viz_config[_viz_0].label_visible = True
_viz_1 = nengo_gui.components.SpikeGrid(model.ensembles[2])
_viz_config[_viz_1].x = 0.5824307294843885
_viz_config[_viz_1].y = 0.24391776502328366
_viz_config[_viz_1].width = 0.12121212121212128
_viz_config[_viz_1].height = 0.08920606601248887
_viz_config[_viz_1].label_visible = True
_viz_2 = nengo_gui.components.SpikeGrid(model.ensembles[3])
_viz_config[_viz_2].x = 0.6774492735469853
_viz_config[_viz_2].y = 0.053538520666160355
_viz_config[_viz_2].width = 0.12121212121212128
_viz_config[_viz_2].height = 0.08920606601248887
_viz_config[_viz_2].label_visible = True
_viz_3 = nengo_gui.components.Raster(layer)
_viz_config[_viz_3].n_neurons = 18
_viz_config[_viz_3].x = 0.761952949598152
_viz_config[_viz_3].y = 0.6386020666071959
_viz_config[_viz_3].width = 0.047505938242280284
_viz_config[_viz_3].height = 0.08920606601248884
_viz_config[_viz_3].label_visible = True
_viz_net_graph = nengo_gui.components.NetGraph()
_viz_progress = nengo_gui.components.Progress()
_viz_config[_viz_progress].x = 0
_viz_config[_viz_progress].y = 0
_viz_config[_viz_progress].width = 100
_viz_config[_viz_progress].height = 100
_viz_config[_viz_progress].label_visible = True
_viz_sim_control = nengo_gui.components.SimControl()
_viz_config[_viz_sim_control].shown_time = 0.5
_viz_config[_viz_sim_control].kept_time = 4.0
_viz_config[layer].pos=(0.8972602739726027, 0.7916666666666666)
_viz_config[layer].size=(0.0684931506849315, 0.1041666666666667)
_viz_config[model].pos=(0.03533570899331484, 0.04486825500899205)
_viz_config[model].size=(1.0000000000000002, 1.0000000000000002)
_viz_config[model].expanded=True
_viz_config[model].has_layout=True
_viz_config[model.ensembles[0]].pos=(0.6232876712328768, 0.47916666666666663)
_viz_config[model.ensembles[0]].size=(0.0684931506849315, 0.10416666666666666)
_viz_config[model.ensembles[1]].pos=(0.8972602739726027, 0.47916666666666663)
_viz_config[model.ensembles[1]].size=(0.0684931506849315, 0.10416666666666666)
_viz_config[model.ensembles[2]].pos=(0.34931506849315064, 0.7916666666666666)
_viz_config[model.ensembles[2]].size=(0.0684931506849315, 0.1041666666666667)
_viz_config[model.ensembles[3]].pos=(0.6232876712328768, 0.7916666666666666)
_viz_config[model.ensembles[3]].size=(0.0684931506849315, 0.1041666666666667)
_viz_config[model.nodes[0]].pos=(0.08904109589041095, 0.47916666666666663)
_viz_config[model.nodes[0]].size=(0.0547945205479452, 0.08333333333333333)
_viz_config[model.nodes[1]].pos=(0.34931506849315064, 0.1875)
_viz_config[model.nodes[1]].size=(0.0547945205479452, 0.08333333333333333)
_viz_config[model.nodes[2]].pos=(0.08904109589041095, 0.7916666666666666)
_viz_config[model.nodes[2]].size=(0.0547945205479452, 0.08333333333333334)