_viz_0 = nengo_gui.components.SpikeGrid(model.ensembles[2])
_viz_config[_viz_0].x = 0.2978082191780821
_viz_config[_viz_0].y = 0.6180846714243232
_viz_config[_viz_0].width = 0.12121212121212122
_viz_config[_viz_0].height = 0.08920606601248884
_viz_config[_viz_0].label_visible = True
_viz_1 = nengo_gui.components.SpikeGrid(model.ensembles[3])
_viz_config[_viz_1].x = 0.3291542960427093
_viz_config[_viz_1].y = 1.0153976576373986
_viz_config[_viz_1].width = 0.12121212121212122
_viz_config[_viz_1].height = 0.08920606601248884
_viz_config[_viz_1].label_visible = True
_viz_2 = nengo_gui.components.Raster(model.ensembles[3])
_viz_config[_viz_2].n_neurons = 25
_viz_config[_viz_2].x = 0.6396532139946579
_viz_config[_viz_2].y = 1.0340515223433655
_viz_config[_viz_2].width = 0.14479891089764013
_viz_config[_viz_2].height = 0.10656476493358887
_viz_config[_viz_2].label_visible = True
_viz_5 = nengo_gui.components.SpikeGrid(layer)
_viz_config[_viz_5].x = 0.9512735335677698
_viz_config[_viz_5].y = 0.9978195022659462
_viz_config[_viz_5].width = 0.14479891089764013
_viz_config[_viz_5].height = 0.10656476493358887
_viz_config[_viz_5].label_visible = True
_viz_6 = nengo_gui.components.Raster(layer)
_viz_config[_viz_6].n_neurons = 36
_viz_config[_viz_6].x = 0.9194177731702894
_viz_config[_viz_6].y = 0.2667852148215265
_viz_config[_viz_6].width = 0.14479891089764013
_viz_config[_viz_6].height = 0.10656476493358887
_viz_config[_viz_6].label_visible = True
_viz_net_graph = nengo_gui.components.NetGraph()
_viz_progress = nengo_gui.components.Progress()
_viz_config[_viz_progress].x = 0
_viz_config[_viz_progress].y = 0
_viz_config[_viz_progress].width = 100
_viz_config[_viz_progress].height = 100
_viz_config[_viz_progress].label_visible = True
_viz_sim_control = nengo_gui.components.SimControl()
_viz_config[_viz_sim_control].shown_time = 0.5
_viz_config[_viz_sim_control].kept_time = 4.0
_viz_config[layer].pos=(0.8972602739726027, 0.7916666666666666)
_viz_config[layer].size=(0.0684931506849315, 0.1041666666666667)
_viz_config[model].pos=(-0.0036363636363636364, -0.004462094507161662)
_viz_config[model].size=(0.8371065808485765, 0.8371065808485765)
_viz_config[model].expanded=True
_viz_config[model].has_layout=True
_viz_config[model.ensembles[0]].pos=(0.6232876712328768, 0.47916666666666663)
_viz_config[model.ensembles[0]].size=(0.0684931506849315, 0.10416666666666666)
_viz_config[model.ensembles[1]].pos=(0.8972602739726027, 0.47916666666666663)
_viz_config[model.ensembles[1]].size=(0.0684931506849315, 0.10416666666666666)
_viz_config[model.ensembles[2]].pos=(0.34931506849315064, 0.7916666666666666)
_viz_config[model.ensembles[2]].size=(0.0684931506849315, 0.1041666666666667)
_viz_config[model.ensembles[3]].pos=(0.6232876712328768, 0.7916666666666666)
_viz_config[model.ensembles[3]].size=(0.0684931506849315, 0.1041666666666667)
_viz_config[model.nodes[0]].pos=(0.08904109589041095, 0.47916666666666663)
_viz_config[model.nodes[0]].size=(0.0547945205479452, 0.08333333333333333)
_viz_config[model.nodes[1]].pos=(0.34931506849315064, 0.1875)
_viz_config[model.nodes[1]].size=(0.0547945205479452, 0.08333333333333333)
_viz_config[model.nodes[2]].pos=(0.08904109589041095, 0.7916666666666666)
_viz_config[model.nodes[2]].size=(0.0547945205479452, 0.08333333333333334)