_viz_0 = nengo_gui.components.SpikeGrid(model.ensembles[2])
_viz_config[_viz_0].x = 0.3750122134719483
_viz_config[_viz_0].y = 0.5928105828220857
_viz_config[_viz_0].width = 0.14265335235378032
_viz_config[_viz_0].height = 0.10224948875255624
_viz_config[_viz_0].label_visible = True
_viz_1 = nengo_gui.components.Raster(model.ensembles[3])
_viz_config[_viz_1].n_neurons = 10
_viz_config[_viz_1].x = 0.687501221347195
_viz_config[_viz_1].y = 0.1633627300613496
_viz_config[_viz_1].width = 0.14265335235378032
_viz_config[_viz_1].height = 0.10224948875255624
_viz_config[_viz_1].label_visible = True
_viz_2 = nengo_gui.components.SpikeGrid(layer)
_viz_config[_viz_2].x = 0.7845836671682331
_viz_config[_viz_2].y = 0.3249169222903885
_viz_config[_viz_2].width = 0.14265335235378032
_viz_config[_viz_2].height = 0.10224948875255624
_viz_config[_viz_2].label_visible = True
_viz_net_graph = nengo_gui.components.NetGraph()
_viz_progress = nengo_gui.components.Progress()
_viz_config[_viz_progress].x = 0
_viz_config[_viz_progress].y = 0
_viz_config[_viz_progress].width = 100
_viz_config[_viz_progress].height = 100
_viz_config[_viz_progress].label_visible = True
_viz_sim_control = nengo_gui.components.SimControl()
_viz_config[_viz_sim_control].shown_time = 0.5
_viz_config[_viz_sim_control].kept_time = 4.0
_viz_config[layer].pos=(0.8972602739726027, 0.7916666666666666)
_viz_config[layer].size=(0.0684931506849315, 0.1041666666666667)
_viz_config[model].pos=(-0.0012285012285012285, -0.0008924189014323324)
_viz_config[model].size=(0.5866002832403768, 0.5866002832403768)
_viz_config[model].expanded=True
_viz_config[model].has_layout=True
_viz_config[model.ensembles[0]].pos=(0.6232876712328768, 0.47916666666666663)
_viz_config[model.ensembles[0]].size=(0.0684931506849315, 0.10416666666666666)
_viz_config[model.ensembles[1]].pos=(0.8972602739726027, 0.47916666666666663)
_viz_config[model.ensembles[1]].size=(0.0684931506849315, 0.10416666666666666)
_viz_config[model.ensembles[2]].pos=(0.34931506849315064, 0.7916666666666666)
_viz_config[model.ensembles[2]].size=(0.0684931506849315, 0.1041666666666667)
_viz_config[model.ensembles[3]].pos=(0.6232876712328768, 0.7916666666666666)
_viz_config[model.ensembles[3]].size=(0.0684931506849315, 0.1041666666666667)
_viz_config[model.nodes[0]].pos=(0.08904109589041095, 0.47916666666666663)
_viz_config[model.nodes[0]].size=(0.0547945205479452, 0.08333333333333333)
_viz_config[model.nodes[1]].pos=(0.34931506849315064, 0.1875)
_viz_config[model.nodes[1]].size=(0.0547945205479452, 0.08333333333333333)
_viz_config[model.nodes[2]].pos=(0.08904109589041095, 0.7916666666666666)
_viz_config[model.nodes[2]].size=(0.0547945205479452, 0.08333333333333334)