_viz_0 = nengo_gui.components.SpikeGrid(out)
_viz_config[_viz_0].x = 0.8986498732421987
_viz_config[_viz_0].y = 0.9343259008171
_viz_config[_viz_0].width = 0.16056330845504452
_viz_config[_viz_0].height = 0.11757785579778848
_viz_config[_viz_0].label_visible = True
_viz_1 = nengo_gui.components.SpikeGrid(inp)
_viz_config[_viz_1].x = 0.521665524240066
_viz_config[_viz_1].y = 0.9335651795858211
_viz_config[_viz_1].width = 0.16056330845504452
_viz_config[_viz_1].height = 0.11757785579778848
_viz_config[_viz_1].label_visible = True
_viz_2 = nengo_gui.components.SpikeGrid(error)
_viz_config[_viz_2].x = 0.91582557243431
_viz_config[_viz_2].y = 0.2591501316432908
_viz_config[_viz_2].width = 0.16056330845504452
_viz_config[_viz_2].height = 0.11757785579778848
_viz_config[_viz_2].label_visible = True
_viz_net_graph = nengo_gui.components.NetGraph()
_viz_progress = nengo_gui.components.Progress()
_viz_config[_viz_progress].x = 0
_viz_config[_viz_progress].y = 0
_viz_config[_viz_progress].width = 100
_viz_config[_viz_progress].height = 100
_viz_config[_viz_progress].label_visible = True
_viz_sim_control = nengo_gui.components.SimControl()
_viz_config[_viz_sim_control].shown_time = 0.5
_viz_config[_viz_sim_control].kept_time = 4.0
_viz_config[dtheta].pos=(0.19172932330827067, 0.8907103825136612)
_viz_config[dtheta].size=(0.03759398496240601, 0.054644808743169404)
_viz_config[encoding].pos=(0.3421052631578947, 0.25136612021857924)
_viz_config[encoding].size=(0.03759398496240601, 0.054644808743169404)
_viz_config[error].pos=(0.4171969826642805, 0.5290856288604018)
_viz_config[error].size=(0.03759398496240601, 0.054644808743169404)
_viz_config[inp].pos=(0.19172932330827067, 0.4098360655737705)
_viz_config[inp].size=(0.03759398496240601, 0.054644808743169404)
_viz_config[model].pos=(0.06966397524768723, 0.02483721878696099)
_viz_config[model].size=(0.8371065808485765, 0.8371065808485765)
_viz_config[model].expanded=True
_viz_config[model].has_layout=True
_viz_config[motion_stim].pos=(0.04887218045112782, 0.8907103825136612)
_viz_config[motion_stim].size=(0.03007518796992481, 0.04371584699453552)
_viz_config[out].pos=(0.7852085089279237, 0.41530054644808745)
_viz_config[out].size=(0.03759398496240601, 0.054644808743169404)
_viz_config[stim].pos=(0.04887218045112782, 0.4098360655737705)
_viz_config[stim].size=(0.03007518796992481, 0.04371584699453552)
_viz_config[theta].pos=(0.49248120300751874, 0.4098360655737705)
_viz_config[theta].size=(0.03759398496240601, 0.054644808743169404)
_viz_config[theta_new].pos=(0.6428571428571428, 0.5737704918032787)
_viz_config[theta_new].size=(0.03759398496240601, 0.054644808743169404)
_viz_config[truth].pos=(0.5, 0.09836065573770492)
_viz_config[truth].size=(0.3076923076923077, 0.04371584699453551)