_viz_0 = nengo_gui.components.Raster(encoding)
_viz_config[_viz_0].n_neurons = 10
_viz_config[_viz_0].x = 0.7897260811553256
_viz_config[_viz_0].y = 0.6371005036630046
_viz_config[_viz_0].width = 0.145985401459854
_viz_config[_viz_0].height = 0.09157509157509157
_viz_config[_viz_0].label_visible = True
_viz_2 = nengo_gui.components.SpikeGrid(inp)
_viz_config[_viz_2].x = 0.1790518797582609
_viz_config[_viz_2].y = 0.7542210393772891
_viz_config[_viz_2].width = 0.145985401459854
_viz_config[_viz_2].height = 0.09157509157509157
_viz_config[_viz_2].label_visible = True
_viz_5 = nengo_gui.components.SpikeGrid(out)
_viz_config[_viz_5].x = 0.6377268776065208
_viz_config[_viz_5].y = 0.2054603554147192
_viz_config[_viz_5].width = 0.145985401459854
_viz_config[_viz_5].height = 0.09157509157509157
_viz_config[_viz_5].label_visible = True
_viz_net_graph = nengo_gui.components.NetGraph()
_viz_progress = nengo_gui.components.Progress()
_viz_config[_viz_progress].x = 0
_viz_config[_viz_progress].y = 0
_viz_config[_viz_progress].width = 100
_viz_config[_viz_progress].height = 100
_viz_config[_viz_progress].label_visible = True
_viz_sim_control = nengo_gui.components.SimControl()
_viz_config[_viz_sim_control].shown_time = 0.5
_viz_config[_viz_sim_control].kept_time = 4.0
_viz_config[dtheta].pos=(0.2741935483870968, 0.9166666666666667)
_viz_config[dtheta].size=(0.053763440860215055, 0.04166666666666667)
_viz_config[encoding].pos=(0.23815242131700828, 0.6002599514451936)
_viz_config[encoding].size=(0.053763440860215055, 0.04166666666666667)
_viz_config[error].pos=(0.5977891483126819, 0.3765123191005856)
_viz_config[error].size=(0.1, 0.1)
_viz_config[inp].pos=(0.2741935483870968, 0.3125)
_viz_config[inp].size=(0.053763440860215055, 0.04166666666666667)
_viz_config[model].pos=(0, 0)
_viz_config[model].size=(1.0, 1.0)
_viz_config[model].expanded=True
_viz_config[model].has_layout=True
_viz_config[motion_stim].pos=(0.06989247311827958, 0.9166666666666667)
_viz_config[motion_stim].size=(0.043010752688172046, 0.03333333333333333)
_viz_config[out].pos=(0.9013813672396206, 0.4591761714992433)
_viz_config[out].size=(0.053763440860215055, 0.04166666666666667)
_viz_config[stim].pos=(0.06989247311827958, 0.3125)
_viz_config[stim].size=(0.043010752688172046, 0.03333333333333333)
_viz_config[theta].pos=(0.6094105643199123, 0.7556193028262567)
_viz_config[theta].size=(0.053763440860215055, 0.04166666666666667)
_viz_config[theta_new].pos=(0.9193548387096775, 0.7958333333333334)
_viz_config[theta_new].size=(0.053763440860215055, 0.04166666666666667)
_viz_config[truth].pos=(0.5, 0.07500000000000001)
_viz_config[truth].size=(0.3076923076923077, 0.03333333333333334)