_viz_0 = nengo_gui.components.SpikeGrid(model.ensembles[0])
_viz_config[_viz_0].x = 0.35213657738703713
_viz_config[_viz_0].y = 0.882233938389696
_viz_config[_viz_0].width = 0.14925373134328357
_viz_config[_viz_0].height = 0.08285004142502071
_viz_config[_viz_0].label_visible = True
_viz_1 = nengo_gui.components.Value(truth)
_viz_config[_viz_1].max_value = 4
_viz_config[_viz_1].min_value = 0
_viz_config[_viz_1].show_legend = False
_viz_config[_viz_1].legend_labels = ['label_0']
_viz_config[_viz_1].synapse = 0.01
_viz_config[_viz_1].x = 0.3719915886032992
_viz_config[_viz_1].y = -0.3652947639585477
_viz_config[_viz_1].width = 0.5810587263513386
_viz_config[_viz_1].height = 0.19570196383780547
_viz_config[_viz_1].label_visible = True
_viz_2 = nengo_gui.components.SpikeGrid(model.ensembles[1])
_viz_config[_viz_2].x = 0.6932650960683324
_viz_config[_viz_2].y = 0.8812227176433653
_viz_config[_viz_2].width = 0.14842741505240245
_viz_config[_viz_2].height = 0.08239135715419192
_viz_config[_viz_2].label_visible = True
_viz_net_graph = nengo_gui.components.NetGraph()
_viz_progress = nengo_gui.components.Progress()
_viz_config[_viz_progress].x = 0
_viz_config[_viz_progress].y = 0
_viz_config[_viz_progress].width = 100
_viz_config[_viz_progress].height = 100
_viz_config[_viz_progress].label_visible = True
_viz_sim_control = nengo_gui.components.SimControl()
_viz_config[_viz_sim_control].shown_time = 0.5
_viz_config[_viz_sim_control].kept_time = 4.0
_viz_config[ens].pos=(0.8972602739726027, 0.6969696969696969)
_viz_config[ens].size=(0.0684931506849315, 0.1515151515151515)
_viz_config[model].pos=(-0.003380502351840231, -0.0023929608810911995)
_viz_config[model].size=(1.005567140616101, 1.005567140616101)
_viz_config[model].expanded=True
_viz_config[model].has_layout=True
_viz_config[model.ensembles[0]].pos=(0.34931506849315064, 0.6969696969696969)
_viz_config[model.ensembles[0]].size=(0.0684931506849315, 0.1515151515151515)
_viz_config[model.ensembles[1]].pos=(0.6232876712328768, 0.6969696969696969)
_viz_config[model.ensembles[1]].size=(0.0684931506849315, 0.1515151515151515)
_viz_config[stim].pos=(0.08904109589041095, 0.6969696969696969)
_viz_config[stim].size=(0.0547945205479452, 0.12121212121212119)
_viz_config[truth].pos=(0.5, 0.2727272727272727)
_viz_config[truth].size=(0.3076923076923077, 0.1212121212121212)