_viz_0 = nengo_gui.components.Value(model.nodes[0])
_viz_config[_viz_0].max_value = 3.2
_viz_config[_viz_0].min_value = 0
_viz_config[_viz_0].show_legend = False
_viz_config[_viz_0].legend_labels = ['label_0']
_viz_config[_viz_0].synapse = 0.01
_viz_config[_viz_0].x = 0.1314394586594084
_viz_config[_viz_0].y = 0.07506989664421293
_viz_config[_viz_0].width = 0.08135146558295202
_viz_config[_viz_0].height = 0.07665811179932017
_viz_config[_viz_0].label_visible = True
_viz_2 = nengo_gui.components.SpikeGrid(model.ensembles[0])
_viz_config[_viz_2].x = 0.11946030858527357
_viz_config[_viz_2].y = 0.8370530263387405
_viz_config[_viz_2].width = 0.09718172983479106
_viz_config[_viz_2].height = 0.09157509157509157
_viz_config[_viz_2].label_visible = True
_viz_3 = nengo_gui.components.SpikeGrid(model.ensembles[1])
_viz_config[_viz_3].x = 0.3545602193910833
_viz_config[_viz_3].y = 0.838884528170242
_viz_config[_viz_3].width = 0.09718172983479106
_viz_config[_viz_3].height = 0.09157509157509157
_viz_config[_viz_3].label_visible = True
_viz_4 = nengo_gui.components.SpikeGrid(layer)
_viz_config[_viz_4].x = 0.6071528415671541
_viz_config[_viz_4].y = 0.8433651665794529
_viz_config[_viz_4].width = 0.09718172983479106
_viz_config[_viz_4].height = 0.09157509157509157
_viz_config[_viz_4].label_visible = True
_viz_net_graph = nengo_gui.components.NetGraph()
_viz_progress = nengo_gui.components.Progress()
_viz_config[_viz_progress].x = 0
_viz_config[_viz_progress].y = 0
_viz_config[_viz_progress].width = 100
_viz_config[_viz_progress].height = 100
_viz_config[_viz_progress].label_visible = True
_viz_sim_control = nengo_gui.components.SimControl()
_viz_config[_viz_sim_control].shown_time = 0.5
_viz_config[_viz_sim_control].kept_time = 4.0
_viz_config[layer].pos=(0.8972602739726027, 0.8412698412698413)
_viz_config[layer].size=(0.0684931506849315, 0.07936507936507936)
_viz_config[model].pos=(0, 0)
_viz_config[model].size=(1, 1)
_viz_config[model].expanded=True
_viz_config[model].has_layout=True
_viz_config[model.ensembles[0]].pos=(0.34931506849315064, 0.6031746031746031)
_viz_config[model.ensembles[0]].size=(0.0684931506849315, 0.07936507936507936)
_viz_config[model.ensembles[1]].pos=(0.6232876712328768, 0.6031746031746031)
_viz_config[model.ensembles[1]].size=(0.0684931506849315, 0.07936507936507936)
_viz_config[model.ensembles[2]].pos=(0.8972602739726027, 0.36507936507936506)
_viz_config[model.ensembles[2]].size=(0.0684931506849315, 0.07936507936507936)
_viz_config[model.nodes[0]].pos=(0.340621963070943, 0.08056040885503575)
_viz_config[model.nodes[0]].size=(0.3076923076923077, 0.06349206349206349)
_viz_config[model.nodes[1]].pos=(0.08904109589041095, 0.6031746031746031)
_viz_config[model.nodes[1]].size=(0.0547945205479452, 0.06349206349206349)