_viz_0 = nengo_gui.components.Raster(model.ensembles[0])
_viz_config[_viz_0].n_neurons = 225
_viz_config[_viz_0].x = 0.2595313258758239
_viz_config[_viz_0].y = 0.7279200823150034
_viz_config[_viz_0].width = 0.13440860215053763
_viz_config[_viz_0].height = 0.10183299389002037
_viz_config[_viz_0].label_visible = True
_viz_1 = nengo_gui.components.Value(truth)
_viz_config[_viz_1].max_value = 4
_viz_config[_viz_1].min_value = 0
_viz_config[_viz_1].show_legend = False
_viz_config[_viz_1].legend_labels = ['label_0']
_viz_config[_viz_1].synapse = 0.01
_viz_config[_viz_1].x = 0.41342685070306046
_viz_config[_viz_1].y = 0.11196756194840454
_viz_config[_viz_1].width = 0.3541666666666667
_viz_config[_viz_1].height = 0.10183299389002037
_viz_config[_viz_1].label_visible = True
_viz_net_graph = nengo_gui.components.NetGraph()
_viz_progress = nengo_gui.components.Progress()
_viz_config[_viz_progress].x = 0
_viz_config[_viz_progress].y = 0
_viz_config[_viz_progress].width = 100
_viz_config[_viz_progress].height = 100
_viz_config[_viz_progress].label_visible = True
_viz_sim_control = nengo_gui.components.SimControl()
_viz_config[_viz_sim_control].shown_time = 0.5
_viz_config[_viz_sim_control].kept_time = 4.0
_viz_config[ens].pos=(0.9193548387096775, 0.47916666666666663)
_viz_config[ens].size=(0.053763440860215055, 0.10416666666666663)
_viz_config[model].pos=(0.2359590549100269, 0.08474817471075208)
_viz_config[model].size=(0.700747427699994, 0.700747427699994)
_viz_config[model].expanded=True
_viz_config[model].has_layout=True
_viz_config[model.ensembles[0]].pos=(0.2741935483870968, 0.47916666666666663)
_viz_config[model.ensembles[0]].size=(0.053763440860215055, 0.10416666666666663)
_viz_config[model.ensembles[1]].pos=(0.489247311827957, 0.47916666666666663)
_viz_config[model.ensembles[1]].size=(0.053763440860215055, 0.10416666666666663)
_viz_config[model.ensembles[2]].pos=(0.7043010752688172, 0.47916666666666663)
_viz_config[model.ensembles[2]].size=(0.053763440860215055, 0.10416666666666663)
_viz_config[stim].pos=(0.06989247311827958, 0.47916666666666663)
_viz_config[stim].size=(0.043010752688172046, 0.0833333333333333)
_viz_config[truth].pos=(0.5, 0.1875)
_viz_config[truth].size=(0.3076923076923077, 0.08333333333333333)