_viz_0 = nengo_gui.components.SpikeGrid(model.ensembles[0])
_viz_config[_viz_0].x = 0.30118614138912564
_viz_config[_viz_0].y = 0.8917067886473413
_viz_config[_viz_0].width = 0.14598540145985403
_viz_config[_viz_0].height = 0.09157509157509158
_viz_config[_viz_0].label_visible = True
_viz_1 = nengo_gui.components.Value(truth)
_viz_config[_viz_1].max_value = 4
_viz_config[_viz_1].min_value = 0
_viz_config[_viz_1].show_legend = False
_viz_config[_viz_1].legend_labels = ['label_0']
_viz_config[_viz_1].synapse = 0.01
_viz_config[_viz_1].x = 0.5087585001278865
_viz_config[_viz_1].y = 0.2746921305046989
_viz_config[_viz_1].width = 0.30234793781364055
_viz_config[_viz_1].height = 0.10183150602347688
_viz_config[_viz_1].label_visible = True
_viz_2 = nengo_gui.components.SpikeGrid(model.ensembles[1])
_viz_config[_viz_2].x = 0.8043558244208239
_viz_config[_viz_2].y = 0.8935382904788427
_viz_config[_viz_2].width = 0.14598540145985403
_viz_config[_viz_2].height = 0.09157509157509158
_viz_config[_viz_2].label_visible = True
_viz_3 = nengo_gui.components.SpikeGrid(ens)
_viz_config[_viz_3].x = 0.8316130986933945
_viz_config[_viz_3].y = 0.532732429672982
_viz_config[_viz_3].width = 0.14598540145985403
_viz_config[_viz_3].height = 0.09157509157509158
_viz_config[_viz_3].label_visible = True
_viz_net_graph = nengo_gui.components.NetGraph()
_viz_progress = nengo_gui.components.Progress()
_viz_config[_viz_progress].x = 0
_viz_config[_viz_progress].y = 0
_viz_config[_viz_progress].width = 100
_viz_config[_viz_progress].height = 100
_viz_config[_viz_progress].label_visible = True
_viz_sim_control = nengo_gui.components.SimControl()
_viz_config[_viz_sim_control].shown_time = 0.5
_viz_config[_viz_sim_control].kept_time = 4.0
_viz_config[ens].pos=(0.8972602739726027, 0.6969696969696969)
_viz_config[ens].size=(0.0684931506849315, 0.1515151515151515)
_viz_config[model].pos=(0.007709697925079074, -0.05471991486516394)
_viz_config[model].size=(1.0000000000000002, 1.0000000000000002)
_viz_config[model].expanded=True
_viz_config[model].has_layout=True
_viz_config[model.ensembles[0]].pos=(0.34931506849315064, 0.6969696969696969)
_viz_config[model.ensembles[0]].size=(0.0684931506849315, 0.1515151515151515)
_viz_config[model.ensembles[1]].pos=(0.6232876712328768, 0.6969696969696969)
_viz_config[model.ensembles[1]].size=(0.0684931506849315, 0.1515151515151515)
_viz_config[stim].pos=(0.08904109589041095, 0.6969696969696969)
_viz_config[stim].size=(0.0547945205479452, 0.12121212121212119)
_viz_config[truth].pos=(0.5, 0.2727272727272727)
_viz_config[truth].size=(0.3076923076923077, 0.1212121212121212)