_viz_0 = nengo_gui.components.SpikeGrid(model.ensembles[2])
_viz_config[_viz_0].x = 0.18149579449874975
_viz_config[_viz_0].y = 0.4727835723598433
_viz_config[_viz_0].width = 0.12048192771084337
_viz_config[_viz_0].height = 0.08920606601248884
_viz_config[_viz_0].label_visible = True
_viz_1 = nengo_gui.components.SpikeGrid(model.ensembles[1])
_viz_config[_viz_1].x = 0.772237795558197
_viz_config[_viz_1].y = 0.23685926027585236
_viz_config[_viz_1].width = 0.14124293785310735
_viz_config[_viz_1].height = 0.08920606601248884
_viz_config[_viz_1].label_visible = True
_viz_2 = nengo_gui.components.SpikeGrid(model.ensembles[0])
_viz_config[_viz_2].x = 0.12486928847465377
_viz_config[_viz_2].y = 0.09189082549921097
_viz_config[_viz_2].width = 0.12048192771084337
_viz_config[_viz_2].height = 0.08920606601248884
_viz_config[_viz_2].label_visible = True
_viz_3 = nengo_gui.components.SpikeGrid(layer)
_viz_config[_viz_3].x = 0.4130711525346665
_viz_config[_viz_3].y = 0.6395989158031964
_viz_config[_viz_3].width = 0.12048192771084337
_viz_config[_viz_3].height = 0.08920606601248884
_viz_config[_viz_3].label_visible = True
_viz_net_graph = nengo_gui.components.NetGraph()
_viz_progress = nengo_gui.components.Progress()
_viz_config[_viz_progress].x = 0
_viz_config[_viz_progress].y = 0
_viz_config[_viz_progress].width = 100
_viz_config[_viz_progress].height = 100
_viz_config[_viz_progress].label_visible = True
_viz_sim_control = nengo_gui.components.SimControl()
_viz_config[_viz_sim_control].shown_time = 0.5
_viz_config[_viz_sim_control].kept_time = 4.0
_viz_config[layer].pos=(0.8584905660377359, 0.43010752688172055)
_viz_config[layer].size=(0.09433962264150943, 0.05376344086021507)
_viz_config[model].pos=(0, 0)
_viz_config[model].size=(1.0, 1.0)
_viz_config[model].expanded=True
_viz_config[model].has_layout=True
_viz_config[model.ensembles[0]].pos=(0.48113207547169806, 0.10752688172043012)
_viz_config[model.ensembles[0]].size=(0.09433962264150943, 0.05376344086021507)
_viz_config[model.ensembles[1]].pos=(0.8584905660377359, 0.752688172043011)
_viz_config[model.ensembles[1]].size=(0.09433962264150943, 0.05376344086021507)
_viz_config[model.ensembles[2]].pos=(0.48113207547169806, 0.43010752688172055)
_viz_config[model.ensembles[2]].size=(0.09433962264150943, 0.05376344086021507)
_viz_config[model.nodes[0]].pos=(0.12264150943396226, 0.752688172043011)
_viz_config[model.nodes[0]].size=(0.07547169811320754, 0.04301075268817205)
_viz_config[model.nodes[1]].pos=(0.12264150943396226, 0.26881720430107536)
_viz_config[model.nodes[1]].size=(0.07547169811320754, 0.04301075268817205)
_viz_config[model.nodes[2]].pos=(0.5, 0.903225806451613)
_viz_config[model.nodes[2]].size=(0.3076923076923077, 0.04301075268817206)