_viz_0 = nengo_gui.components.SpikeGrid(layer)
_viz_config[_viz_0].x = 0.6700705527549318
_viz_config[_viz_0].y = 0.8540953174054651
_viz_config[_viz_0].width = 0.1360544217687075
_viz_config[_viz_0].height = 0.11198208286674133
_viz_config[_viz_0].label_visible = True
_viz_2 = nengo_gui.components.SpikeGrid(model.ensembles[0])
_viz_config[_viz_2].x = 0.3424979871143305
_viz_config[_viz_2].y = 0.5049252566007024
_viz_config[_viz_2].width = 0.13679890560875513
_viz_config[_viz_2].height = 0.1124859392575928
_viz_config[_viz_2].label_visible = True
_viz_net_graph = nengo_gui.components.NetGraph()
_viz_progress = nengo_gui.components.Progress()
_viz_config[_viz_progress].x = 0
_viz_config[_viz_progress].y = 0
_viz_config[_viz_progress].width = 100
_viz_config[_viz_progress].height = 100
_viz_config[_viz_progress].label_visible = True
_viz_sim_control = nengo_gui.components.SimControl()
_viz_config[_viz_sim_control].shown_time = 0.5
_viz_config[_viz_sim_control].kept_time = 4.0
_viz_config[layer].pos=(0.8584905660377359, 0.7142857142857142)
_viz_config[layer].size=(0.09433962264150943, 0.14285714285714285)
_viz_config[model].pos=(0, 0)
_viz_config[model].size=(1.0, 1.0)
_viz_config[model].expanded=True
_viz_config[model].has_layout=True
_viz_config[model.ensembles[0]].pos=(0.48113207547169806, 0.7142857142857142)
_viz_config[model.ensembles[0]].size=(0.09433962264150943, 0.14285714285714285)
_viz_config[model.ensembles[1]].pos=(0.7727272727272727, 0.2857142857142857)
_viz_config[model.ensembles[1]].size=(0.15151515151515152, 0.14285714285714285)
_viz_config[model.nodes[0]].pos=(0.19696969696969696, 0.2857142857142857)
_viz_config[model.nodes[0]].size=(0.1212121212121212, 0.11428571428571428)
_viz_config[model.nodes[1]].pos=(0.12264150943396226, 0.7142857142857142)
_viz_config[model.nodes[1]].size=(0.07547169811320754, 0.11428571428571428)