_viz_0 = nengo_gui.components.SpikeGrid(layer)
_viz_config[_viz_0].x = 0.5488753864193583
_viz_config[_viz_0].y = 0.4834883002813419
_viz_config[_viz_0].width = 0.14124293785310735
_viz_config[_viz_0].height = 0.08920606601248884
_viz_config[_viz_0].label_visible = True
_viz_1 = nengo_gui.components.SpikeGrid(model.ensembles[1])
_viz_config[_viz_1].x = 0.7999486389316901
_viz_config[_viz_1].y = 0.28057023262197217
_viz_config[_viz_1].width = 0.14124293785310735
_viz_config[_viz_1].height = 0.08920606601248884
_viz_config[_viz_1].label_visible = True
_viz_net_graph = nengo_gui.components.NetGraph()
_viz_progress = nengo_gui.components.Progress()
_viz_config[_viz_progress].x = 0
_viz_config[_viz_progress].y = 0
_viz_config[_viz_progress].width = 100
_viz_config[_viz_progress].height = 100
_viz_config[_viz_progress].label_visible = True
_viz_sim_control = nengo_gui.components.SimControl()
_viz_config[_viz_sim_control].shown_time = 0.5
_viz_config[_viz_sim_control].kept_time = 4.0
_viz_config[layer].pos=(0.8584905660377359, 0.7051282051282051)
_viz_config[layer].size=(0.09433962264150943, 0.0641025641025641)
_viz_config[model].pos=(0, 0)
_viz_config[model].size=(1.0, 1.0)
_viz_config[model].expanded=True
_viz_config[model].has_layout=True
_viz_config[model.ensembles[0]].pos=(0.48113207547169806, 0.3205128205128205)
_viz_config[model.ensembles[0]].size=(0.09433962264150943, 0.0641025641025641)
_viz_config[model.ensembles[1]].pos=(0.7727272727272727, 0.1282051282051282)
_viz_config[model.ensembles[1]].size=(0.15151515151515152, 0.0641025641025641)
_viz_config[model.ensembles[2]].pos=(0.48113207547169806, 0.7051282051282051)
_viz_config[model.ensembles[2]].size=(0.09433962264150943, 0.0641025641025641)
_viz_config[model.nodes[0]].pos=(0.19696969696969696, 0.1282051282051282)
_viz_config[model.nodes[0]].size=(0.1212121212121212, 0.05128205128205128)
_viz_config[model.nodes[1]].pos=(0.12264150943396226, 0.5128205128205128)
_viz_config[model.nodes[1]].size=(0.07547169811320754, 0.05128205128205128)
_viz_config[model.nodes[2]].pos=(0.5, 0.8846153846153846)
_viz_config[model.nodes[2]].size=(0.3076923076923077, 0.051282051282051266)