_viz_0 = nengo_gui.components.SpikeGrid(model.ensembles[0])
_viz_config[_viz_0].x = 0.2690815090161473
_viz_config[_viz_0].y = 0.7964280174720796
_viz_config[_viz_0].width = 0.060204695966285374
_viz_config[_viz_0].height = 0.10224948875255624
_viz_config[_viz_0].label_visible = True
_viz_1 = nengo_gui.components.SpikeGrid(model.ensembles[1])
_viz_config[_viz_1].x = 0.5105646870592897
_viz_config[_viz_1].y = 0.8397494887525556
_viz_config[_viz_1].width = 0.060204695966285374
_viz_config[_viz_1].height = 0.10224948875255624
_viz_config[_viz_1].label_visible = True
_viz_2 = nengo_gui.components.SpikeGrid(layer)
_viz_config[_viz_2].x = 0.7442001435016042
_viz_config[_viz_2].y = 0.7937372188139059
_viz_config[_viz_2].width = 0.060204695966285374
_viz_config[_viz_2].height = 0.10224948875255624
_viz_config[_viz_2].label_visible = True
_viz_net_graph = nengo_gui.components.NetGraph()
_viz_progress = nengo_gui.components.Progress()
_viz_config[_viz_progress].x = 0
_viz_config[_viz_progress].y = 0
_viz_config[_viz_progress].width = 100
_viz_config[_viz_progress].height = 100
_viz_config[_viz_progress].label_visible = True
_viz_sim_control = nengo_gui.components.SimControl()
_viz_config[_viz_sim_control].shown_time = 0.5
_viz_config[_viz_sim_control].kept_time = 4.0
_viz_config[layer].pos=(0.8972602739726027, 0.6969696969696969)
_viz_config[layer].size=(0.0684931506849315, 0.1515151515151515)
_viz_config[model].pos=(-0.0012040939193257074, 0)
_viz_config[model].size=(1.0, 1.0)
_viz_config[model].expanded=True
_viz_config[model].has_layout=True
_viz_config[model.ensembles[0]].pos=(0.34931506849315064, 0.6969696969696969)
_viz_config[model.ensembles[0]].size=(0.0684931506849315, 0.1515151515151515)
_viz_config[model.ensembles[1]].pos=(0.6232876712328768, 0.6969696969696969)
_viz_config[model.ensembles[1]].size=(0.0684931506849315, 0.1515151515151515)
_viz_config[model.nodes[0]].pos=(0.5, 0.2727272727272727)
_viz_config[model.nodes[0]].size=(0.3076923076923077, 0.1212121212121212)
_viz_config[model.nodes[1]].pos=(0.08904109589041095, 0.6969696969696969)
_viz_config[model.nodes[1]].size=(0.0547945205479452, 0.12121212121212119)