_viz_0 = nengo_gui.components.SpikeGrid(model.ensembles[0])
_viz_config[_viz_0].x = 0.7684978500434692
_viz_config[_viz_0].y = 0.3586600682497203
_viz_config[_viz_0].width = 0.12453300124533001
_viz_config[_viz_0].height = 0.08920606601248884
_viz_config[_viz_0].label_visible = True
_viz_1 = nengo_gui.components.SpikeGrid(layer)
_viz_config[_viz_1].x = 0.8008999271599426
_viz_config[_viz_1].y = 0.5830982824292374
_viz_config[_viz_1].width = 0.12453300124533001
_viz_config[_viz_1].height = 0.08920606601248884
_viz_config[_viz_1].label_visible = True
_viz_2 = nengo_gui.components.SpikeGrid(model.ensembles[1])
_viz_config[_viz_2].x = 0.4646373270048636
_viz_config[_viz_2].y = 0.5822062217691122
_viz_config[_viz_2].width = 0.12453300124533001
_viz_config[_viz_2].height = 0.08920606601248884
_viz_config[_viz_2].label_visible = True
_viz_net_graph = nengo_gui.components.NetGraph()
_viz_progress = nengo_gui.components.Progress()
_viz_config[_viz_progress].x = 0
_viz_config[_viz_progress].y = 0
_viz_config[_viz_progress].width = 100
_viz_config[_viz_progress].height = 100
_viz_config[_viz_progress].label_visible = True
_viz_sim_control = nengo_gui.components.SimControl()
_viz_config[_viz_sim_control].shown_time = 0.5
_viz_config[_viz_sim_control].kept_time = 4.0
_viz_config[layer].pos=(0.7912427453652575, 0.840377422368409)
_viz_config[layer].size=(0.09433962264150943, 0.07936507936507936)
_viz_config[model].pos=(-0.00345511400673846, -0.002045931154416654)
_viz_config[model].size=(1, 1)
_viz_config[model].expanded=True
_viz_config[model].has_layout=True
_viz_config[model.ensembles[0]].pos=(0.48113207547169806, 0.36507936507936506)
_viz_config[model.ensembles[0]].size=(0.09433962264150943, 0.07936507936507936)
_viz_config[model.ensembles[1]].pos=(0.48113207547169806, 0.8412698412698413)
_viz_config[model.ensembles[1]].size=(0.09433962264150943, 0.07936507936507936)
_viz_config[model.nodes[0]].pos=(0.5, 0.14285714285714285)
_viz_config[model.nodes[0]].size=(0.3076923076923077, 0.06349206349206349)
_viz_config[model.nodes[1]].pos=(0.12264150943396226, 0.6031746031746031)
_viz_config[model.nodes[1]].size=(0.07547169811320754, 0.06349206349206349)