_viz_0 = nengo_gui.components.SpikeGrid(model.ensembles[1])
_viz_config[_viz_0].x = 0.11391598352407653
_viz_config[_viz_0].y = 0.568098735026663
_viz_config[_viz_0].width = 0.0979431929480901
_viz_config[_viz_0].height = 0.08920606601248884
_viz_config[_viz_0].label_visible = True
_viz_1 = nengo_gui.components.SpikeGrid(model.ensembles[0])
_viz_config[_viz_1].x = 0.16171736838225712
_viz_config[_viz_1].y = 0.3330562033793714
_viz_config[_viz_1].width = 0.0979431929480901
_viz_config[_viz_1].height = 0.08920606601248886
_viz_config[_viz_1].label_visible = True
_viz_2 = nengo_gui.components.SpikeGrid(model.ensembles[2])
_viz_config[_viz_2].x = 0.848139518030464
_viz_config[_viz_2].y = 0.38717619397796443
_viz_config[_viz_2].width = 0.0979431929480901
_viz_config[_viz_2].height = 0.08920606601248886
_viz_config[_viz_2].label_visible = True
_viz_3 = nengo_gui.components.SpikeGrid(model.ensembles[3])
_viz_config[_viz_3].x = 0.2310616831485054
_viz_config[_viz_3].y = 0.11744261784404539
_viz_config[_viz_3].width = 0.09255631733594515
_viz_config[_viz_3].height = 0.08920606601248886
_viz_config[_viz_3].label_visible = True
_viz_4 = nengo_gui.components.SpikeGrid(layer)
_viz_config[_viz_4].x = 0.8562827115697015
_viz_config[_viz_4].y = 0.14352910026804866
_viz_config[_viz_4].width = 0.0979431929480901
_viz_config[_viz_4].height = 0.08920606601248886
_viz_config[_viz_4].label_visible = True
_viz_net_graph = nengo_gui.components.NetGraph()
_viz_progress = nengo_gui.components.Progress()
_viz_config[_viz_progress].x = 0
_viz_config[_viz_progress].y = 0
_viz_config[_viz_progress].width = 100
_viz_config[_viz_progress].height = 100
_viz_config[_viz_progress].label_visible = True
_viz_sim_control = nengo_gui.components.SimControl()
_viz_config[_viz_sim_control].shown_time = 0.5
_viz_config[_viz_sim_control].kept_time = 4.0
_viz_config[layer].pos=(0.9277517270071852, 0.8306560766290364)
_viz_config[layer].size=(0.04424778761061946, 0.07936507936507936)
_viz_config[model].pos=(-0.0019588638589618022, 0.0017848378028646648)
_viz_config[model].size=(1.0, 1.0)
_viz_config[model].expanded=True
_viz_config[model].has_layout=True
_viz_config[model.ensembles[0]].pos=(0.22566371681415928, 0.8333333333333334)
_viz_config[model.ensembles[0]].size=(0.04424778761061946, 0.07936507936507936)
_viz_config[model.ensembles[1]].pos=(0.4026548672566371, 0.36507936507936506)
_viz_config[model.ensembles[1]].size=(0.04424778761061946, 0.07936507936507936)
_viz_config[model.ensembles[2]].pos=(0.5796460176991151, 0.36507936507936506)
_viz_config[model.ensembles[2]].size=(0.04424778761061946, 0.07936507936507936)
_viz_config[model.ensembles[3]].pos=(0.5192072668648643, 0.6038864134888411)
_viz_config[model.ensembles[3]].size=(0.04424778761061946, 0.07936507936507936)
_viz_config[model.ensembles[4]].pos=(0.7027684120201432, 0.6317320080204377)
_viz_config[model.ensembles[4]].size=(0.04424778761061946, 0.07936507936507936)
_viz_config[model.nodes[0]].pos=(0.5969637610186093, 0.12233150812419918)
_viz_config[model.nodes[0]].size=(0.07164921268741054, 0.06349206349206349)
_viz_config[model.nodes[1]].pos=(0.05752212389380531, 0.8333333333333334)
_viz_config[model.nodes[1]].size=(0.035398230088495575, 0.06349206349206349)