_viz_0 = nengo_gui.components.SpikeGrid(model.ensembles[1])
_viz_config[_viz_0].x = 0.17618875730478023
_viz_config[_viz_0].y = 0.8552566382083014
_viz_config[_viz_0].width = 0.0979431929480901
_viz_config[_viz_0].height = 0.08920606601248884
_viz_config[_viz_0].label_visible = True
_viz_3 = nengo_gui.components.Value(post_conn)
_viz_config[_viz_3].max_value = 90
_viz_config[_viz_3].min_value = -90
_viz_config[_viz_3].show_legend = False
_viz_config[_viz_3].legend_labels = ['label_0']
_viz_config[_viz_3].synapse = 0.01
_viz_config[_viz_3].x = 0.8824090582061827
_viz_config[_viz_3].y = 0.5758169272764228
_viz_config[_viz_3].width = 0.0979431929480901
_viz_config[_viz_3].height = 0.08920606601248884
_viz_config[_viz_3].label_visible = True
_viz_net_graph = nengo_gui.components.NetGraph()
_viz_progress = nengo_gui.components.Progress()
_viz_config[_viz_progress].x = 0
_viz_config[_viz_progress].y = 0
_viz_config[_viz_progress].width = 100
_viz_config[_viz_progress].height = 100
_viz_config[_viz_progress].label_visible = True
_viz_sim_control = nengo_gui.components.SimControl()
_viz_config[_viz_sim_control].shown_time = 0.5
_viz_config[_viz_sim_control].kept_time = 4.0
_viz_config[model].pos=(-0.03330068560235064, 0.016955959127214315)
_viz_config[model].size=(1.0, 1.0)
_viz_config[model].expanded=True
_viz_config[model].has_layout=True
_viz_config[model.ensembles[0]].pos=(0.34931506849315064, 0.6031746031746031)
_viz_config[model.ensembles[0]].size=(0.0684931506849315, 0.07936507936507936)
_viz_config[model.ensembles[1]].pos=(0.6232876712328768, 0.36507936507936506)
_viz_config[model.ensembles[1]].size=(0.0684931506849315, 0.07936507936507936)
_viz_config[model.nodes[0]].pos=(0.5, 0.14285714285714285)
_viz_config[model.nodes[0]].size=(0.3076923076923077, 0.06349206349206349)
_viz_config[model.nodes[1]].pos=(0.12234178149276147, 0.2863658931661248)
_viz_config[model.nodes[1]].size=(0.0547945205479452, 0.06349206349206349)
_viz_config[post_conn].pos=(0.8972602739726027, 0.8412698412698413)
_viz_config[post_conn].size=(0.0684931506849315, 0.07936507936507936)
_viz_config[pre_conn].pos=(0.6232876712328768, 0.8412698412698413)
_viz_config[pre_conn].size=(0.0684931506849315, 0.07936507936507936)