_viz_0 = nengo_gui.components.Value(post_conn)
_viz_config[_viz_0].max_value = 2
_viz_config[_viz_0].min_value = -2
_viz_config[_viz_0].show_legend = False
_viz_config[_viz_0].legend_labels = ['label_0']
_viz_config[_viz_0].synapse = 0.01
_viz_config[_viz_0].x = 0.7995241475405529
_viz_config[_viz_0].y = 0.8721462329284624
_viz_config[_viz_0].width = 0.12224938875305623
_viz_config[_viz_0].height = 0.08285004142502071
_viz_config[_viz_0].label_visible = True
_viz_net_graph = nengo_gui.components.NetGraph()
_viz_progress = nengo_gui.components.Progress()
_viz_config[_viz_progress].x = 0
_viz_config[_viz_progress].y = 0
_viz_config[_viz_progress].width = 100
_viz_config[_viz_progress].height = 100
_viz_config[_viz_progress].label_visible = True
_viz_sim_control = nengo_gui.components.SimControl()
_viz_config[_viz_sim_control].shown_time = 0.5
_viz_config[_viz_sim_control].kept_time = 4.0
_viz_config[model].pos=(0, 0)
_viz_config[model].size=(1, 1)
_viz_config[model].expanded=True
_viz_config[model].has_layout=True
_viz_config[model.ensembles[0]].pos=(0.2741935483870968, 0.32051282051282054)
_viz_config[model.ensembles[0]].size=(0.053763440860215055, 0.06410256410256411)
_viz_config[model.ensembles[1]].pos=(0.489247311827957, 0.1282051282051282)
_viz_config[model.ensembles[1]].size=(0.053763440860215055, 0.06410256410256411)
_viz_config[model.ensembles[2]].pos=(0.489247311827957, 0.5128205128205128)
_viz_config[model.ensembles[2]].size=(0.053763440860215055, 0.06410256410256411)
_viz_config[model.nodes[0]].pos=(0.06989247311827958, 0.8846153846153846)
_viz_config[model.nodes[0]].size=(0.043010752688172046, 0.05128205128205128)
_viz_config[model.nodes[1]].pos=(0.06989247311827958, 0.32051282051282054)
_viz_config[model.nodes[1]].size=(0.043010752688172046, 0.05128205128205128)
_viz_config[post_conn].pos=(0.9193548387096775, 0.6987179487179487)
_viz_config[post_conn].size=(0.053763440860215055, 0.06410256410256411)
_viz_config[pre_conn].pos=(0.7043010752688172, 0.5128205128205128)
_viz_config[pre_conn].size=(0.053763440860215055, 0.06410256410256411)