_viz_0 = nengo_gui.components.SpikeGrid(layer)
_viz_config[_viz_0].x = 0.86012010993219
_viz_config[_viz_0].y = 0.2290542507057829
_viz_config[_viz_0].width = 0.060204695966285374
_viz_config[_viz_0].height = 0.11350737797956867
_viz_config[_viz_0].label_visible = True
_viz_1 = nengo_gui.components.SpikeGrid(model.ensembles[2])
_viz_config[_viz_1].x = 0.1274225106189511
_viz_config[_viz_1].y = 0.1620848976978377
_viz_config[_viz_1].width = 0.060204695966285374
_viz_config[_viz_1].height = 0.11350737797956867
_viz_config[_viz_1].label_visible = True
_viz_3 = nengo_gui.components.SpikeGrid(model.ensembles[1])
_viz_config[_viz_3].x = 0.24665082039883854
_viz_config[_viz_3].y = 0.8207132657171093
_viz_config[_viz_3].width = 0.060204695966285374
_viz_config[_viz_3].height = 0.11350737797956867
_viz_config[_viz_3].label_visible = True
_viz_net_graph = nengo_gui.components.NetGraph()
_viz_progress = nengo_gui.components.Progress()
_viz_config[_viz_progress].x = 0
_viz_config[_viz_progress].y = 0
_viz_config[_viz_progress].width = 100
_viz_config[_viz_progress].height = 100
_viz_config[_viz_progress].label_visible = True
_viz_sim_control = nengo_gui.components.SimControl()
_viz_config[_viz_sim_control].shown_time = 0.5
_viz_config[_viz_sim_control].kept_time = 4.0
_viz_config[layer].pos=(0.8590273411444257, 0.7483639379866294)
_viz_config[layer].size=(0.09433962264150943, 0.0641025641025641)
_viz_config[model].pos=(-0.0028530670470756064, 0)
_viz_config[model].size=(1, 1)
_viz_config[model].expanded=True
_viz_config[model].has_layout=True
_viz_config[model.ensembles[0]].pos=(0.09662853702588806, 0.7275668325012482)
_viz_config[model.ensembles[0]].size=(0.33333333333333337, 0.0641025641025641)
_viz_config[model.ensembles[1]].pos=(0.48113207547169806, 0.2948717948717948)
_viz_config[model.ensembles[1]].size=(0.09433962264150943, 0.0641025641025641)
_viz_config[model.ensembles[2]].pos=(0.4823361693910238, 0.745979942005721)
_viz_config[model.ensembles[2]].size=(0.09433962264150943, 0.0641025641025641)
_viz_config[model.nodes[0]].pos=(0.5, 0.11538461538461538)
_viz_config[model.nodes[0]].size=(0.3076923076923077, 0.05128205128205128)
_viz_config[model.nodes[1]].pos=(0.12264150943396226, 0.4871794871794871)
_viz_config[model.nodes[1]].size=(0.07547169811320754, 0.05128205128205128)