_viz_0 = nengo_gui.components.SpikeGrid(layer)
_viz_config[_viz_0].x = 0.8956408805522986
_viz_config[_viz_0].y = 0.3742485247344128
_viz_config[_viz_0].width = 0.08340217063119966
_viz_config[_viz_0].height = 0.130104060035886
_viz_config[_viz_0].label_visible = True
_viz_2 = nengo_gui.components.Raster(layer)
_viz_config[_viz_2].n_neurons = 18
_viz_config[_viz_2].x = 0.6445238739656042
_viz_config[_viz_2].y = 0.6440765906231652
_viz_config[_viz_2].width = 0.13568168992989485
_viz_config[_viz_2].height = 0.10224948875255624
_viz_config[_viz_2].label_visible = True
_viz_4 = nengo_gui.components.SpikeGrid(model.ensembles[0])
_viz_config[_viz_4].x = 0.14463326252655256
_viz_config[_viz_4].y = 0.3638617706880656
_viz_config[_viz_4].width = 0.060204695966285374
_viz_config[_viz_4].height = 0.10224948875255624
_viz_config[_viz_4].label_visible = True
_viz_5 = nengo_gui.components.SpikeGrid(model.ensembles[1])
_viz_config[_viz_5].x = 0.16246748378448997
_viz_config[_viz_5].y = 0.8415157269451745
_viz_config[_viz_5].width = 0.060204695966285374
_viz_config[_viz_5].height = 0.10224948875255624
_viz_config[_viz_5].label_visible = True
_viz_net_graph = nengo_gui.components.NetGraph()
_viz_progress = nengo_gui.components.Progress()
_viz_config[_viz_progress].x = 0
_viz_config[_viz_progress].y = 0
_viz_config[_viz_progress].width = 100
_viz_config[_viz_progress].height = 100
_viz_config[_viz_progress].label_visible = True
_viz_sim_control = nengo_gui.components.SimControl()
_viz_config[_viz_sim_control].shown_time = 0.5
_viz_config[_viz_sim_control].kept_time = 4.0
_viz_config[layer].pos=(0.8584905660377359, 0.8412698412698413)
_viz_config[layer].size=(0.09433962264150943, 0.07936507936507936)
_viz_config[model].pos=(-0.00345511400673846, -0.002045931154416654)
_viz_config[model].size=(1, 1)
_viz_config[model].expanded=True
_viz_config[model].has_layout=True
_viz_config[model.ensembles[0]].pos=(0.48113207547169806, 0.36507936507936506)
_viz_config[model.ensembles[0]].size=(0.09433962264150943, 0.07936507936507936)
_viz_config[model.ensembles[1]].pos=(0.48113207547169806, 0.8412698412698413)
_viz_config[model.ensembles[1]].size=(0.09433962264150943, 0.07936507936507936)
_viz_config[model.nodes[0]].pos=(0.5, 0.14285714285714285)
_viz_config[model.nodes[0]].size=(0.3076923076923077, 0.06349206349206349)
_viz_config[model.nodes[1]].pos=(0.12264150943396226, 0.6031746031746031)
_viz_config[model.nodes[1]].size=(0.07547169811320754, 0.06349206349206349)